genome	role	contig	contig_len	n_contigs	gene	gene_start	gene_end	gene_len	strand	mapped	mapped_pairs	mapped_as_query	mapped_as_reference	mapped_refs
AG-919-L14	query	AG-919-L14_NODE_1	97095	49	AG-919-L14_00013	11298	11762	465	+	1	1	1	0	1
AG-919-L14	query	AG-919-L14_NODE_1	97095	49	AG-919-L14_00014	11840	13039	1200	+	1	1	1	0	1
AG-919-L14	query	AG-919-L14_NODE_1	97095	49	AG-919-L14_00016	13714	15168	1455	+	1	1	1	0	1
AG-919-L14	query	AG-919-L14_NODE_1	97095	49	AG-919-L14_00017	15169	16272	1104	-	1	1	1	0	1
AG-919-L14	query	AG-919-L14_NODE_1	97095	49	AG-919-L14_00018	16272	16739	468	-	1	1	1	0	1
AG-919-L14	query	AG-919-L14_NODE_1	97095	49	AG-919-L14_00019	16764	17525	762	+	1	1	1	0	1
AG-919-L14	query	AG-919-L14_NODE_1	97095	49	AG-919-L14_00020	17522	18070	549	-	1	1	1	0	1
AG-919-L14	query	AG-919-L14_NODE_1	97095	49	AG-919-L14_00021	18084	19262	1179	-	1	1	1	0	1
AG-919-L14	query	AG-919-L14_NODE_1	97095	49	AG-919-L14_00022	19262	20020	759	-	1	1	1	0	1
AG-919-L14	query	AG-919-L14_NODE_1	97095	49	AG-919-L14_00023	20013	21251	1239	-	1	1	1	0	1
AG-919-L14	query	AG-919-L14_NODE_1	97095	49	AG-919-L14_00024	21258	24128	2871	-	1	1	1	0	1
AG-919-L14	query	AG-919-L14_NODE_1	97095	49	AG-919-L14_00025	24128	24508	381	-	1	1	1	0	1
AG-919-L14	query	AG-919-L14_NODE_1	97095	49	AG-919-L14_00026	24508	25611	1104	-	1	1	1	0	1
AG-919-L14	query	AG-919-L14_NODE_1	97095	49	AG-919-L14_00042	38513	39316	804	-	1	1	1	0	1
AG-919-L14	query	AG-919-L14_NODE_1	97095	49	AG-919-L14_00043	39318	39965	648	-	1	1	1	0	1
AG-919-L14	query	AG-919-L14_NODE_1	97095	49	AG-919-L14_00044	40040	41254	1215	+	1	1	1	0	1
AG-919-L14	query	AG-919-L14_NODE_1	97095	49	AG-919-L14_00045	41246	43912	2667	-	1	1	1	0	1
AG-919-L14	query	AG-919-L14_NODE_1	97095	49	AG-919-L14_00046	44013	45161	1149	-	1	1	1	0	1
AG-919-L14	query	AG-919-L14_NODE_1	97095	49	AG-919-L14_00047	45267	46562	1296	-	1	1	1	0	1
AG-919-L14	query	AG-919-L14_NODE_1	97095	49	AG-919-L14_00048	46559	47488	930	-	1	1	1	0	1
AG-919-L14	query	AG-919-L14_NODE_1	97095	49	AG-919-L14_00049	47494	47856	363	-	1	1	1	0	1
AG-919-L14	query	AG-919-L14_NODE_1	97095	49	AG-919-L14_00051	48569	48964	396	+	1	1	1	0	1
AG-919-L14	query	AG-919-L14_NODE_1	97095	49	AG-919-L14_00052	48942	50219	1278	+	1	1	1	0	1
AG-919-L14	query	AG-919-L14_NODE_1	97095	49	AG-919-L14_00053	50224	51054	831	-	1	1	1	0	1
AG-919-L14	query	AG-919-L14_NODE_1	97095	49	AG-919-L14_00054	51060	51929	870	-	1	1	1	0	1
AG-919-L14	query	AG-919-L14_NODE_1	97095	49	AG-919-L14_00055	51937	53259	1323	-	1	1	1	0	1
AG-919-L14	query	AG-919-L14_NODE_1	97095	49	AG-919-L14_00056	53338	53862	525	+	1	1	1	0	1
AG-919-L14	query	AG-919-L14_NODE_1	97095	49	AG-919-L14_00057	54082	54708	627	-	1	1	1	0	1
AG-919-L14	query	AG-919-L14_NODE_1	97095	49	AG-919-L14_00058	54701	55720	1020	-	1	1	1	0	1
AG-919-L14	query	AG-919-L14_NODE_1	97095	49	AG-919-L14_00059	55721	56041	321	-	1	1	1	0	1
AG-919-L14	query	AG-919-L14_NODE_1	97095	49	AG-919-L14_00060	56122	56877	756	-	1	1	1	0	1
AG-919-L14	query	AG-919-L14_NODE_1	97095	49	AG-919-L14_00061	57103	59004	1902	+	1	1	1	0	1
AG-919-L14	query	AG-919-L14_NODE_1	97095	49	AG-919-L14_00062	58997	59329	333	+	1	1	1	0	1
AG-919-L14	query	AG-919-L14_NODE_1	97095	49	AG-919-L14_00063	59322	60629	1308	-	1	1	1	0	1
AG-919-L14	query	AG-919-L14_NODE_1	97095	49	AG-919-L14_00064	60673	61566	894	+	1	1	1	0	1
AG-919-L14	query	AG-919-L14_NODE_1	97095	49	AG-919-L14_00065	61573	62286	714	+	1	1	1	0	1
AG-919-L14	query	AG-919-L14_NODE_1	97095	49	AG-919-L14_00068	64474	65463	990	+	1	1	1	0	1
AG-919-L14	query	AG-919-L14_NODE_1	97095	49	AG-919-L14_00069	65470	66303	834	+	1	1	1	0	1
AG-919-L14	query	AG-919-L14_NODE_1	97095	49	AG-919-L14_00070	66300	66671	372	-	1	1	1	0	1
AG-919-L14	query	AG-919-L14_NODE_1	97095	49	AG-919-L14_00071	66738	68126	1389	+	1	1	1	0	1
AG-919-L14	query	AG-919-L14_NODE_1	97095	49	AG-919-L14_00073	69636	71669	2034	+	1	1	1	0	1
AG-919-L14	query	AG-919-L14_NODE_1	97095	49	AG-919-L14_00074	71666	73366	1701	+	1	1	1	0	1
AG-919-L14	query	AG-919-L14_NODE_1	97095	49	AG-919-L14_00075	73346	75376	2031	-	1	1	1	0	1
AG-919-L14	query	AG-919-L14_NODE_1	97095	49	AG-919-L14_00076	75378	76226	849	-	1	1	1	0	1
AG-919-L14	query	AG-919-L14_NODE_1	97095	49	AG-919-L14_00077	76274	77194	921	-	1	1	1	0	1
AG-919-L14	query	AG-919-L14_NODE_1	97095	49	AG-919-L14_00079	77955	78623	669	-	1	1	1	0	1
AG-919-L14	query	AG-919-L14_NODE_1	97095	49	AG-919-L14_00080	78604	79515	912	-	1	1	1	0	1
AG-919-L14	query	AG-919-L14_NODE_1	97095	49	AG-919-L14_00081	79517	80425	909	-	1	1	1	0	1
AG-919-L14	query	AG-919-L14_NODE_1	97095	49	AG-919-L14_00082	80425	81819	1395	-	1	1	1	0	1
AG-919-L14	query	AG-919-L14_NODE_1	97095	49	AG-919-L14_00083	81809	82873	1065	-	1	1	1	0	1
AG-919-L14	query	AG-919-L14_NODE_1	97095	49	AG-919-L14_00084	82875	83999	1125	-	1	1	1	0	1
AG-919-L14	query	AG-919-L14_NODE_1	97095	49	AG-919-L14_00085	83989	85275	1287	-	1	1	1	0	1
AG-919-L14	query	AG-919-L14_NODE_1	97095	49	AG-919-L14_00086	85272	86357	1086	-	1	1	1	0	1
AG-919-L14	query	AG-919-L14_NODE_1	97095	49	AG-919-L14_00087	86358	89201	2844	-	1	1	1	0	1
AG-919-L14	query	AG-919-L14_NODE_1	97095	49	AG-919-L14_00088	89202	90893	1692	-	1	1	1	0	1
AG-919-L14	query	AG-919-L14_NODE_1	97095	49	AG-919-L14_00089	90886	91194	309	-	1	1	1	0	1
AG-919-L14	query	AG-919-L14_NODE_1	97095	49	AG-919-L14_00090	91191	92189	999	-	1	1	1	0	1
AG-919-L14	query	AG-919-L14_NODE_1	97095	49	AG-919-L14_00091	92220	93722	1503	-	1	1	1	0	1
AG-919-L14	query	AG-919-L14_NODE_1	97095	49	AG-919-L14_00092	93698	94153	456	-	1	1	1	0	1
AG-919-L14	query	AG-919-L14_NODE_1	97095	49	AG-919-L14_00093	94718	95458	741	-	1	1	1	0	1
AG-919-L14	query	AG-919-L14_NODE_1	97095	49	AG-919-L14_00094	95490	96302	813	+	1	1	1	0	1
AG-919-L14	query	AG-919-L14_NODE_1	97095	49	AG-919-L14_00095	96313	96903	591	+	1	1	1	0	1
AG-919-L14	query	AG-919-L14_NODE_10	40242	49	AG-919-L14_00633	451	1926	1476	-	1	1	1	0	1
AG-919-L14	query	AG-919-L14_NODE_10	40242	49	AG-919-L14_00634	1923	3380	1458	-	1	1	1	0	1
AG-919-L14	query	AG-919-L14_NODE_10	40242	49	AG-919-L14_00635	3380	3667	288	-	1	1	1	0	1
AG-919-L14	query	AG-919-L14_NODE_10	40242	49	AG-919-L14_00636	3718	4173	456	+	1	1	1	0	1
AG-919-L14	query	AG-919-L14_NODE_10	40242	49	AG-919-L14_00637	4216	5157	942	+	1	1	1	0	1
AG-919-L14	query	AG-919-L14_NODE_10	40242	49	AG-919-L14_00638	5158	6444	1287	+	1	1	1	0	1
AG-919-L14	query	AG-919-L14_NODE_10	40242	49	AG-919-L14_00639	6446	7024	579	+	1	1	1	0	1
AG-919-L14	query	AG-919-L14_NODE_10	40242	49	AG-919-L14_00640	7061	9646	2586	+	1	1	1	0	1
AG-919-L14	query	AG-919-L14_NODE_10	40242	49	AG-919-L14_00641	9643	9894	252	+	1	1	1	0	1
AG-919-L14	query	AG-919-L14_NODE_10	40242	49	AG-919-L14_00642	9901	10362	462	+	1	1	1	0	1
AG-919-L14	query	AG-919-L14_NODE_10	40242	49	AG-919-L14_00643	10367	11665	1299	-	1	1	1	0	1
AG-919-L14	query	AG-919-L14_NODE_10	40242	49	AG-919-L14_00644	11662	12477	816	-	1	1	1	0	1
AG-919-L14	query	AG-919-L14_NODE_10	40242	49	AG-919-L14_00645	12512	13321	810	+	1	1	1	0	1
AG-919-L14	query	AG-919-L14_NODE_10	40242	49	AG-919-L14_00646	13326	14699	1374	-	1	1	1	0	1
AG-919-L14	query	AG-919-L14_NODE_10	40242	49	AG-919-L14_00647	14760	15389	630	+	1	1	1	0	1
AG-919-L14	query	AG-919-L14_NODE_10	40242	49	AG-919-L14_00648	15364	16275	912	-	1	1	1	0	1
AG-919-L14	query	AG-919-L14_NODE_10	40242	49	AG-919-L14_00649	16295	16738	444	-	1	1	1	0	1
AG-919-L14	query	AG-919-L14_NODE_10	40242	49	AG-919-L14_00650	16738	17766	1029	-	1	1	1	0	1
AG-919-L14	query	AG-919-L14_NODE_10	40242	49	AG-919-L14_00651	17766	18215	450	-	1	1	1	0	1
AG-919-L14	query	AG-919-L14_NODE_10	40242	49	AG-919-L14_00652	18218	18601	384	-	1	1	1	0	1
AG-919-L14	query	AG-919-L14_NODE_10	40242	49	AG-919-L14_00653	18656	19219	564	-	1	1	1	0	1
AG-919-L14	query	AG-919-L14_NODE_10	40242	49	AG-919-L14_00654	19223	20503	1281	-	1	1	1	0	1
AG-919-L14	query	AG-919-L14_NODE_10	40242	49	AG-919-L14_00655	20513	20965	453	-	1	1	1	0	1
AG-919-L14	query	AG-919-L14_NODE_10	40242	49	AG-919-L14_00656	20965	21498	534	-	1	1	1	0	1
AG-919-L14	query	AG-919-L14_NODE_10	40242	49	AG-919-L14_00657	21482	21838	357	-	1	1	1	0	1
AG-919-L14	query	AG-919-L14_NODE_10	40242	49	AG-919-L14_00658	21838	22377	540	-	1	1	1	0	1
AG-919-L14	query	AG-919-L14_NODE_10	40242	49	AG-919-L14_00659	22377	22772	396	-	1	1	1	0	1
AG-919-L14	query	AG-919-L14_NODE_10	40242	49	AG-919-L14_00660	22783	23088	306	-	1	1	1	0	1
AG-919-L14	query	AG-919-L14_NODE_10	40242	49	AG-919-L14_00661	23090	23644	555	-	1	1	1	0	1
AG-919-L14	query	AG-919-L14_NODE_10	40242	49	AG-919-L14_00662	23644	23892	249	-	1	1	1	0	1
AG-919-L14	query	AG-919-L14_NODE_10	40242	49	AG-919-L14_00663	23892	24260	369	-	1	1	1	0	1
AG-919-L14	query	AG-919-L14_NODE_10	40242	49	AG-919-L14_00664	24260	24496	237	-	1	1	1	0	1
AG-919-L14	query	AG-919-L14_NODE_10	40242	49	AG-919-L14_00666	24682	25092	411	-	1	1	1	0	1
AG-919-L14	query	AG-919-L14_NODE_10	40242	49	AG-919-L14_00667	25093	25773	681	-	1	1	1	0	1
AG-919-L14	query	AG-919-L14_NODE_10	40242	49	AG-919-L14_00668	25757	26155	399	-	1	1	1	0	1
AG-919-L14	query	AG-919-L14_NODE_10	40242	49	AG-919-L14_00669	26158	26457	300	-	1	1	1	0	1
AG-919-L14	query	AG-919-L14_NODE_10	40242	49	AG-919-L14_00670	26457	27296	840	-	1	1	1	0	1
AG-919-L14	query	AG-919-L14_NODE_10	40242	49	AG-919-L14_00671	27298	27600	303	-	1	1	1	0	1
AG-919-L14	query	AG-919-L14_NODE_10	40242	49	AG-919-L14_00672	27593	28216	624	-	1	1	1	0	1
AG-919-L14	query	AG-919-L14_NODE_10	40242	49	AG-919-L14_00673	28216	28926	711	-	1	1	1	0	1
AG-919-L14	query	AG-919-L14_NODE_10	40242	49	AG-919-L14_00674	28929	29237	309	-	1	1	1	0	1
AG-919-L14	query	AG-919-L14_NODE_10	40242	49	AG-919-L14_00675	29239	31317	2079	-	1	1	1	0	1
AG-919-L14	query	AG-919-L14_NODE_10	40242	49	AG-919-L14_00676	31324	31794	471	-	1	1	1	0	1
AG-919-L14	query	AG-919-L14_NODE_10	40242	49	AG-919-L14_00677	31797	32168	372	-	1	1	1	0	1
AG-919-L14	query	AG-919-L14_NODE_10	40242	49	AG-919-L14_00678	32335	36498	4164	-	1	1	1	0	1
AG-919-L14	query	AG-919-L14_NODE_10	40242	49	AG-919-L14_00679	36501	40232	3732	-	1	1	1	0	1
AG-919-L14	query	AG-919-L14_NODE_11	23015	49	AG-919-L14_00680	457	861	405	-	1	1	1	0	1
AG-919-L14	query	AG-919-L14_NODE_11	23015	49	AG-919-L14_00681	858	1244	387	-	1	1	1	0	1
AG-919-L14	query	AG-919-L14_NODE_11	23015	49	AG-919-L14_00682	1244	2344	1101	-	1	1	1	0	1
AG-919-L14	query	AG-919-L14_NODE_11	23015	49	AG-919-L14_00683	2331	2924	594	-	1	1	1	0	1
AG-919-L14	query	AG-919-L14_NODE_11	23015	49	AG-919-L14_00684	2926	4029	1104	-	1	1	1	0	1
AG-919-L14	query	AG-919-L14_NODE_11	23015	49	AG-919-L14_00685	4010	4468	459	-	1	1	1	0	1
AG-919-L14	query	AG-919-L14_NODE_11	23015	49	AG-919-L14_00686	4465	5778	1314	-	1	1	1	0	1
AG-919-L14	query	AG-919-L14_NODE_11	23015	49	AG-919-L14_00687	5786	6211	426	-	1	1	1	0	1
AG-919-L14	query	AG-919-L14_NODE_11	23015	49	AG-919-L14_00688	6213	6803	591	-	1	1	1	0	1
AG-919-L14	query	AG-919-L14_NODE_11	23015	49	AG-919-L14_00689	6895	7884	990	+	1	1	1	0	1
AG-919-L14	query	AG-919-L14_NODE_11	23015	49	AG-919-L14_00690	7885	8565	681	-	1	1	1	0	1
AG-919-L14	query	AG-919-L14_NODE_11	23015	49	AG-919-L14_00691	8562	9230	669	-	1	1	1	0	1
AG-919-L14	query	AG-919-L14_NODE_11	23015	49	AG-919-L14_00692	9230	9964	735	-	1	1	1	0	1
AG-919-L14	query	AG-919-L14_NODE_11	23015	49	AG-919-L14_00693	9964	10350	387	-	1	1	1	0	1
AG-919-L14	query	AG-919-L14_NODE_11	23015	49	AG-919-L14_00694	10356	11072	717	-	1	1	1	0	1
AG-919-L14	query	AG-919-L14_NODE_11	23015	49	AG-919-L14_00695	11069	11656	588	-	1	1	1	0	1
AG-919-L14	query	AG-919-L14_NODE_11	23015	49	AG-919-L14_00696	11613	13358	1746	-	1	1	1	0	1
AG-919-L14	query	AG-919-L14_NODE_11	23015	49	AG-919-L14_00697	13379	13891	513	-	1	1	1	0	1
AG-919-L14	query	AG-919-L14_NODE_11	23015	49	AG-919-L14_00698	13857	14327	471	-	1	1	1	0	1
AG-919-L14	query	AG-919-L14_NODE_11	23015	49	AG-919-L14_00699	14327	15208	882	-	1	1	1	0	1
AG-919-L14	query	AG-919-L14_NODE_11	23015	49	AG-919-L14_00700	15252	17462	2211	+	1	1	1	0	1
AG-919-L14	query	AG-919-L14_NODE_11	23015	49	AG-919-L14_00702	17622	18875	1254	+	1	1	1	0	1
AG-919-L14	query	AG-919-L14_NODE_11	23015	49	AG-919-L14_00703	18875	19150	276	+	1	1	1	0	1
AG-919-L14	query	AG-919-L14_NODE_11	23015	49	AG-919-L14_00704	19154	22159	3006	+	1	1	1	0	1
AG-919-L14	query	AG-919-L14_NODE_11	23015	49	AG-919-L14_00705	22152	22715	564	+	1	1	1	0	1
AG-919-L14	query	AG-919-L14_NODE_11	23015	49	AG-919-L14_00706	22633	22935	303	-	1	1	1	0	1
AG-919-L14	query	AG-919-L14_NODE_12	22405	49	AG-919-L14_00724	11023	11631	609	+	1	1	1	0	1
AG-919-L14	query	AG-919-L14_NODE_12	22405	49	AG-919-L14_00725	11624	12952	1329	+	1	1	1	0	1
AG-919-L14	query	AG-919-L14_NODE_12	22405	49	AG-919-L14_00726	12945	14978	2034	+	1	1	1	0	1
AG-919-L14	query	AG-919-L14_NODE_12	22405	49	AG-919-L14_00727	14982	15980	999	+	1	1	1	0	1
AG-919-L14	query	AG-919-L14_NODE_12	22405	49	AG-919-L14_00728	16014	16466	453	+	1	1	1	0	1
AG-919-L14	query	AG-919-L14_NODE_12	22405	49	AG-919-L14_00729	16470	17102	633	+	1	1	1	0	1
AG-919-L14	query	AG-919-L14_NODE_12	22405	49	AG-919-L14_00730	17095	17406	312	+	1	1	1	0	1
AG-919-L14	query	AG-919-L14_NODE_12	22405	49	AG-919-L14_00731	17408	19321	1914	+	1	1	1	0	1
AG-919-L14	query	AG-919-L14_NODE_12	22405	49	AG-919-L14_00732	19321	20805	1485	+	1	1	1	0	1
AG-919-L14	query	AG-919-L14_NODE_12	22405	49	AG-919-L14_00733	20805	22223	1419	+	1	1	1	0	1
AG-919-L14	query	AG-919-L14_NODE_13	22196	49	AG-919-L14_00735	705	1652	948	+	1	1	1	0	1
AG-919-L14	query	AG-919-L14_NODE_13	22196	49	AG-919-L14_00736	1633	2457	825	-	1	1	1	0	1
AG-919-L14	query	AG-919-L14_NODE_13	22196	49	AG-919-L14_00737	2508	3617	1110	+	1	1	1	0	1
AG-919-L14	query	AG-919-L14_NODE_13	22196	49	AG-919-L14_00738	3619	4488	870	+	1	1	1	0	1
AG-919-L14	query	AG-919-L14_NODE_13	22196	49	AG-919-L14_00740	4683	6086	1404	+	1	1	1	0	1
AG-919-L14	query	AG-919-L14_NODE_13	22196	49	AG-919-L14_00741	6090	6998	909	+	1	1	1	0	1
AG-919-L14	query	AG-919-L14_NODE_13	22196	49	AG-919-L14_00742	7052	8818	1767	+	1	1	1	0	1
AG-919-L14	query	AG-919-L14_NODE_13	22196	49	AG-919-L14_00743	8821	9369	549	+	1	1	1	0	1
AG-919-L14	query	AG-919-L14_NODE_13	22196	49	AG-919-L14_00744	9393	10409	1017	+	1	1	1	0	1
AG-919-L14	query	AG-919-L14_NODE_13	22196	49	AG-919-L14_00745	10499	12076	1578	+	1	1	1	0	1
AG-919-L14	query	AG-919-L14_NODE_13	22196	49	AG-919-L14_00746	12076	13110	1035	+	1	1	1	0	1
AG-919-L14	query	AG-919-L14_NODE_13	22196	49	AG-919-L14_00747	13116	14345	1230	+	1	1	1	0	1
AG-919-L14	query	AG-919-L14_NODE_13	22196	49	AG-919-L14_00748	14323	14844	522	+	1	1	1	0	1
AG-919-L14	query	AG-919-L14_NODE_13	22196	49	AG-919-L14_00749	14837	16711	1875	+	1	1	1	0	1
AG-919-L14	query	AG-919-L14_NODE_13	22196	49	AG-919-L14_00750	16712	17839	1128	+	1	1	1	0	1
AG-919-L14	query	AG-919-L14_NODE_13	22196	49	AG-919-L14_00751	17890	19131	1242	+	1	1	1	0	1
AG-919-L14	query	AG-919-L14_NODE_13	22196	49	AG-919-L14_00752	19136	20029	894	+	1	1	1	0	1
AG-919-L14	query	AG-919-L14_NODE_13	22196	49	AG-919-L14_00753	20022	20972	951	+	1	1	1	0	1
AG-919-L14	query	AG-919-L14_NODE_13	22196	49	AG-919-L14_00754	20975	21871	897	+	1	1	1	0	1
AG-919-L14	query	AG-919-L14_NODE_14	21530	49	AG-919-L14_00755	65	949	885	+	1	1	1	0	1
AG-919-L14	query	AG-919-L14_NODE_14	21530	49	AG-919-L14_00756	951	2138	1188	+	1	1	1	0	1
AG-919-L14	query	AG-919-L14_NODE_14	21530	49	AG-919-L14_00757	2168	3364	1197	+	1	1	1	0	1
AG-919-L14	query	AG-919-L14_NODE_14	21530	49	AG-919-L14_00758	3395	3688	294	+	1	1	1	0	1
AG-919-L14	query	AG-919-L14_NODE_14	21530	49	AG-919-L14_00759	3678	4034	357	-	1	1	1	0	1
AG-919-L14	query	AG-919-L14_NODE_14	21530	49	AG-919-L14_00760	4129	5541	1413	+	1	1	1	0	1
AG-919-L14	query	AG-919-L14_NODE_14	21530	49	AG-919-L14_00761	5542	6858	1317	+	1	1	1	0	1
AG-919-L14	query	AG-919-L14_NODE_14	21530	49	AG-919-L14_00762	6855	7826	972	+	1	1	1	0	1
AG-919-L14	query	AG-919-L14_NODE_14	21530	49	AG-919-L14_00763	7828	8508	681	-	1	1	1	0	1
AG-919-L14	query	AG-919-L14_NODE_14	21530	49	AG-919-L14_00764	8559	9206	648	+	1	1	1	0	1
AG-919-L14	query	AG-919-L14_NODE_14	21530	49	AG-919-L14_00765	9203	11029	1827	-	1	1	1	0	1
AG-919-L14	query	AG-919-L14_NODE_14	21530	49	AG-919-L14_00767	11273	12238	966	+	1	1	1	0	1
AG-919-L14	query	AG-919-L14_NODE_14	21530	49	AG-919-L14_00770	14212	15873	1662	-	1	1	1	0	1
AG-919-L14	query	AG-919-L14_NODE_14	21530	49	AG-919-L14_00771	15897	16187	291	-	1	1	1	0	1
AG-919-L14	query	AG-919-L14_NODE_14	21530	49	AG-919-L14_00772	16312	17130	819	+	1	1	1	0	1
AG-919-L14	query	AG-919-L14_NODE_14	21530	49	AG-919-L14_00773	17134	18054	921	+	1	1	1	0	1
AG-919-L14	query	AG-919-L14_NODE_14	21530	49	AG-919-L14_00774	18051	20780	2730	+	1	1	1	0	1
AG-919-L14	query	AG-919-L14_NODE_14	21530	49	AG-919-L14_00775	20765	21271	507	+	1	1	1	0	1
AG-919-L14	query	AG-919-L14_NODE_15	20836	49	AG-919-L14_00776	721	1041	321	-	1	1	1	0	1
AG-919-L14	query	AG-919-L14_NODE_15	20836	49	AG-919-L14_00777	1130	1684	555	+	1	1	1	0	1
AG-919-L14	query	AG-919-L14_NODE_15	20836	49	AG-919-L14_00778	1674	2015	342	+	1	1	1	0	1
AG-919-L14	query	AG-919-L14_NODE_15	20836	49	AG-919-L14_00779	2023	2787	765	-	1	1	1	0	1
AG-919-L14	query	AG-919-L14_NODE_15	20836	49	AG-919-L14_00780	2870	3910	1041	+	1	1	1	0	1
AG-919-L14	query	AG-919-L14_NODE_15	20836	49	AG-919-L14_00781	3901	4413	513	+	1	1	1	0	1
AG-919-L14	query	AG-919-L14_NODE_15	20836	49	AG-919-L14_00782	4417	5604	1188	+	1	1	1	0	1
AG-919-L14	query	AG-919-L14_NODE_15	20836	49	AG-919-L14_00783	5665	6123	459	+	1	1	1	0	1
AG-919-L14	query	AG-919-L14_NODE_15	20836	49	AG-919-L14_00784	6123	6503	381	+	1	1	1	0	1
AG-919-L14	query	AG-919-L14_NODE_15	20836	49	AG-919-L14_00785	6510	7649	1140	+	1	1	1	0	1
AG-919-L14	query	AG-919-L14_NODE_15	20836	49	AG-919-L14_00786	7646	7867	222	-	1	1	1	0	1
AG-919-L14	query	AG-919-L14_NODE_15	20836	49	AG-919-L14_00787	7874	8563	690	-	1	1	1	0	1
AG-919-L14	query	AG-919-L14_NODE_15	20836	49	AG-919-L14_00788	8560	10005	1446	-	1	1	1	0	1
AG-919-L14	query	AG-919-L14_NODE_15	20836	49	AG-919-L14_00789	10115	11524	1410	-	1	1	1	0	1
AG-919-L14	query	AG-919-L14_NODE_15	20836	49	AG-919-L14_00790	11633	12343	711	+	1	1	1	0	1
AG-919-L14	query	AG-919-L14_NODE_15	20836	49	AG-919-L14_00791	12318	13412	1095	+	1	1	1	0	1
AG-919-L14	query	AG-919-L14_NODE_15	20836	49	AG-919-L14_00792	13423	15960	2538	-	1	1	1	0	1
AG-919-L14	query	AG-919-L14_NODE_15	20836	49	AG-919-L14_00793	15944	16609	666	-	1	1	1	0	1
AG-919-L14	query	AG-919-L14_NODE_15	20836	49	AG-919-L14_00794	16704	17228	525	+	1	1	1	0	1
AG-919-L14	query	AG-919-L14_NODE_15	20836	49	AG-919-L14_00795	17234	18238	1005	+	1	1	1	0	1
AG-919-L14	query	AG-919-L14_NODE_15	20836	49	AG-919-L14_00796	18235	18501	267	-	1	1	1	0	1
AG-919-L14	query	AG-919-L14_NODE_15	20836	49	AG-919-L14_00797	18505	18708	204	-	1	1	1	0	1
AG-919-L14	query	AG-919-L14_NODE_15	20836	49	AG-919-L14_00798	18746	19633	888	-	1	1	1	0	1
AG-919-L14	query	AG-919-L14_NODE_15	20836	49	AG-919-L14_00799	19597	19887	291	-	1	1	1	0	1
AG-919-L14	query	AG-919-L14_NODE_15	20836	49	AG-919-L14_00800	19884	20783	900	-	1	1	1	0	1
AG-919-L14	query	AG-919-L14_NODE_16	18408	49	AG-919-L14_00801	11	508	498	+	1	1	1	0	1
AG-919-L14	query	AG-919-L14_NODE_16	18408	49	AG-919-L14_00802	505	933	429	-	1	1	1	0	1
AG-919-L14	query	AG-919-L14_NODE_16	18408	49	AG-919-L14_00803	978	2279	1302	-	1	1	1	0	1
AG-919-L14	query	AG-919-L14_NODE_16	18408	49	AG-919-L14_00804	2345	4891	2547	+	1	1	1	0	1
AG-919-L14	query	AG-919-L14_NODE_16	18408	49	AG-919-L14_00805	4886	5983	1098	-	1	1	1	0	1
AG-919-L14	query	AG-919-L14_NODE_16	18408	49	AG-919-L14_00806	6077	8236	2160	+	1	1	1	0	1
AG-919-L14	query	AG-919-L14_NODE_16	18408	49	AG-919-L14_00807	8223	8828	606	-	1	1	1	0	1
AG-919-L14	query	AG-919-L14_NODE_16	18408	49	AG-919-L14_00808	8831	9148	318	-	1	1	1	0	1
AG-919-L14	query	AG-919-L14_NODE_16	18408	49	AG-919-L14_00809	9149	10819	1671	-	1	1	1	0	1
AG-919-L14	query	AG-919-L14_NODE_16	18408	49	AG-919-L14_00810	10960	11790	831	-	1	1	1	0	1
AG-919-L14	query	AG-919-L14_NODE_16	18408	49	AG-919-L14_00811	11790	12524	735	-	1	1	1	0	1
AG-919-L14	query	AG-919-L14_NODE_16	18408	49	AG-919-L14_00812	12636	13178	543	+	1	1	1	0	1
AG-919-L14	query	AG-919-L14_NODE_16	18408	49	AG-919-L14_00813	13170	14096	927	-	1	1	1	0	1
AG-919-L14	query	AG-919-L14_NODE_16	18408	49	AG-919-L14_00814	14093	15256	1164	-	1	1	1	0	1
AG-919-L14	query	AG-919-L14_NODE_16	18408	49	AG-919-L14_00815	15439	15933	495	+	1	1	1	0	1
AG-919-L14	query	AG-919-L14_NODE_16	18408	49	AG-919-L14_00816	15945	16898	954	-	1	1	1	0	1
AG-919-L14	query	AG-919-L14_NODE_16	18408	49	AG-919-L14_00817	16916	17527	612	+	1	1	1	0	1
AG-919-L14	query	AG-919-L14_NODE_17	17993	49	AG-919-L14_00821	1674	2042	369	-	1	1	1	0	1
AG-919-L14	query	AG-919-L14_NODE_17	17993	49	AG-919-L14_00822	2049	2363	315	-	1	1	1	0	1
AG-919-L14	query	AG-919-L14_NODE_17	17993	49	AG-919-L14_00823	2360	3052	693	-	1	1	1	0	1
AG-919-L14	query	AG-919-L14_NODE_17	17993	49	AG-919-L14_00824	3070	4131	1062	-	1	1	1	0	1
AG-919-L14	query	AG-919-L14_NODE_17	17993	49	AG-919-L14_00825	4124	5743	1620	-	1	1	1	0	1
AG-919-L14	query	AG-919-L14_NODE_17	17993	49	AG-919-L14_00826	6009	7037	1029	-	1	1	1	0	1
AG-919-L14	query	AG-919-L14_NODE_17	17993	49	AG-919-L14_00827	7132	8025	894	-	1	1	1	0	1
AG-919-L14	query	AG-919-L14_NODE_17	17993	49	AG-919-L14_00828	8025	9026	1002	-	1	1	1	0	1
AG-919-L14	query	AG-919-L14_NODE_17	17993	49	AG-919-L14_00829	9029	9643	615	-	1	1	1	0	1
AG-919-L14	query	AG-919-L14_NODE_17	17993	49	AG-919-L14_00831	10195	10803	609	+	1	1	1	0	1
AG-919-L14	query	AG-919-L14_NODE_17	17993	49	AG-919-L14_00832	10787	11170	384	+	1	1	1	0	1
AG-919-L14	query	AG-919-L14_NODE_17	17993	49	AG-919-L14_00833	11171	12790	1620	-	1	1	1	0	1
AG-919-L14	query	AG-919-L14_NODE_17	17993	49	AG-919-L14_00834	12813	13766	954	-	1	1	1	0	1
AG-919-L14	query	AG-919-L14_NODE_17	17993	49	AG-919-L14_00835	13766	14515	750	-	1	1	1	0	1
AG-919-L14	query	AG-919-L14_NODE_17	17993	49	AG-919-L14_00836	14515	16947	2433	-	1	1	1	0	1
AG-919-L14	query	AG-919-L14_NODE_17	17993	49	AG-919-L14_00837	17002	17475	474	-	1	1	1	0	1
AG-919-L14	query	AG-919-L14_NODE_18	15998	49	AG-919-L14_00840	572	1222	651	-	1	1	1	0	1
AG-919-L14	query	AG-919-L14_NODE_18	15998	49	AG-919-L14_00842	1440	2192	753	-	1	1	1	0	1
AG-919-L14	query	AG-919-L14_NODE_18	15998	49	AG-919-L14_00843	2197	3654	1458	-	1	1	1	0	1
AG-919-L14	query	AG-919-L14_NODE_18	15998	49	AG-919-L14_00844	3680	5014	1335	-	1	1	1	0	1
AG-919-L14	query	AG-919-L14_NODE_18	15998	49	AG-919-L14_00845	5011	5625	615	-	1	1	1	0	1
AG-919-L14	query	AG-919-L14_NODE_18	15998	49	AG-919-L14_00846	5695	6789	1095	-	1	1	1	0	1
AG-919-L14	query	AG-919-L14_NODE_18	15998	49	AG-919-L14_00847	6922	8517	1596	+	1	1	1	0	1
AG-919-L14	query	AG-919-L14_NODE_18	15998	49	AG-919-L14_00848	8517	9110	594	+	1	1	1	0	1
AG-919-L14	query	AG-919-L14_NODE_18	15998	49	AG-919-L14_00849	9110	9877	768	+	1	1	1	0	1
AG-919-L14	query	AG-919-L14_NODE_18	15998	49	AG-919-L14_00850	9862	10665	804	+	1	1	1	0	1
AG-919-L14	query	AG-919-L14_NODE_18	15998	49	AG-919-L14_00857	15072	15959	888	-	1	1	1	0	1
AG-919-L14	query	AG-919-L14_NODE_19	13049	49	AG-919-L14_00859	470	1246	777	-	1	1	1	0	1
AG-919-L14	query	AG-919-L14_NODE_19	13049	49	AG-919-L14_00860	1258	2469	1212	-	1	1	1	0	1
AG-919-L14	query	AG-919-L14_NODE_19	13049	49	AG-919-L14_00861	2469	2969	501	-	1	1	1	0	1
AG-919-L14	query	AG-919-L14_NODE_19	13049	49	AG-919-L14_00862	3043	3471	429	+	1	1	1	0	1
AG-919-L14	query	AG-919-L14_NODE_19	13049	49	AG-919-L14_00863	3580	5817	2238	+	1	1	1	0	1
AG-919-L14	query	AG-919-L14_NODE_19	13049	49	AG-919-L14_00864	5842	6438	597	+	1	1	1	0	1
AG-919-L14	query	AG-919-L14_NODE_19	13049	49	AG-919-L14_00865	6438	6680	243	+	1	1	1	0	1
AG-919-L14	query	AG-919-L14_NODE_19	13049	49	AG-919-L14_00866	6677	7135	459	-	1	1	1	0	1
AG-919-L14	query	AG-919-L14_NODE_19	13049	49	AG-919-L14_00867	7113	7874	762	-	1	1	1	0	1
AG-919-L14	query	AG-919-L14_NODE_19	13049	49	AG-919-L14_00868	7871	8308	438	-	1	1	1	0	1
AG-919-L14	query	AG-919-L14_NODE_19	13049	49	AG-919-L14_00869	8308	9513	1206	-	1	1	1	0	1
AG-919-L14	query	AG-919-L14_NODE_19	13049	49	AG-919-L14_00870	9522	11090	1569	-	1	1	1	0	1
AG-919-L14	query	AG-919-L14_NODE_19	13049	49	AG-919-L14_00871	11090	11794	705	-	1	1	1	0	1
AG-919-L14	query	AG-919-L14_NODE_19	13049	49	AG-919-L14_00872	11827	12690	864	+	1	1	1	0	1
AG-919-L14	query	AG-919-L14_NODE_19	13049	49	AG-919-L14_00873	12740	13000	261	+	1	1	1	0	1
AG-919-L14	query	AG-919-L14_NODE_2	81773	49	AG-919-L14_00097	35	1516	1482	+	1	1	1	0	1
AG-919-L14	query	AG-919-L14_NODE_2	81773	49	AG-919-L14_00099	2025	2474	450	+	1	1	1	0	1
AG-919-L14	query	AG-919-L14_NODE_2	81773	49	AG-919-L14_00100	2526	3503	978	+	1	1	1	0	1
AG-919-L14	query	AG-919-L14_NODE_2	81773	49	AG-919-L14_00101	3500	4282	783	+	1	1	1	0	1
AG-919-L14	query	AG-919-L14_NODE_2	81773	49	AG-919-L14_00102	4284	5069	786	+	1	1	1	0	1
AG-919-L14	query	AG-919-L14_NODE_2	81773	49	AG-919-L14_00103	5066	6202	1137	+	1	1	1	0	1
AG-919-L14	query	AG-919-L14_NODE_2	81773	49	AG-919-L14_00104	6179	7579	1401	-	1	1	1	0	1
AG-919-L14	query	AG-919-L14_NODE_2	81773	49	AG-919-L14_00105	7603	8280	678	-	1	1	1	0	1
AG-919-L14	query	AG-919-L14_NODE_2	81773	49	AG-919-L14_00106	8370	9161	792	-	1	1	1	0	1
AG-919-L14	query	AG-919-L14_NODE_2	81773	49	AG-919-L14_00108	10152	10721	570	-	1	1	1	0	1
AG-919-L14	query	AG-919-L14_NODE_2	81773	49	AG-919-L14_00109	10718	12178	1461	-	1	1	1	0	1
AG-919-L14	query	AG-919-L14_NODE_2	81773	49	AG-919-L14_00111	13663	14385	723	+	1	1	1	0	1
AG-919-L14	query	AG-919-L14_NODE_2	81773	49	AG-919-L14_00112	14392	14694	303	+	1	1	1	0	1
AG-919-L14	query	AG-919-L14_NODE_2	81773	49	AG-919-L14_00113	14735	16351	1617	+	1	1	1	0	1
AG-919-L14	query	AG-919-L14_NODE_2	81773	49	AG-919-L14_00114	16348	17172	825	+	1	1	1	0	1
AG-919-L14	query	AG-919-L14_NODE_2	81773	49	AG-919-L14_00115	17173	18429	1257	+	1	1	1	0	1
AG-919-L14	query	AG-919-L14_NODE_2	81773	49	AG-919-L14_00116	18429	18731	303	+	1	1	1	0	1
AG-919-L14	query	AG-919-L14_NODE_2	81773	49	AG-919-L14_00117	18721	19641	921	+	1	1	1	0	1
AG-919-L14	query	AG-919-L14_NODE_2	81773	49	AG-919-L14_00118	19641	20099	459	+	1	1	1	0	1
AG-919-L14	query	AG-919-L14_NODE_2	81773	49	AG-919-L14_00119	20076	20537	462	-	1	1	1	0	1
AG-919-L14	query	AG-919-L14_NODE_2	81773	49	AG-919-L14_00121	21033	22139	1107	-	1	1	1	0	1
AG-919-L14	query	AG-919-L14_NODE_2	81773	49	AG-919-L14_00122	22166	23962	1797	+	1	1	1	0	1
AG-919-L14	query	AG-919-L14_NODE_2	81773	49	AG-919-L14_00123	23937	25292	1356	+	1	1	1	0	1
AG-919-L14	query	AG-919-L14_NODE_2	81773	49	AG-919-L14_00124	25294	26685	1392	+	1	1	1	0	1
AG-919-L14	query	AG-919-L14_NODE_2	81773	49	AG-919-L14_00125	26690	28096	1407	+	1	1	1	0	1
AG-919-L14	query	AG-919-L14_NODE_2	81773	49	AG-919-L14_00127	28367	29407	1041	+	1	1	1	0	1
AG-919-L14	query	AG-919-L14_NODE_2	81773	49	AG-919-L14_00128	29483	30634	1152	+	1	1	1	0	1
AG-919-L14	query	AG-919-L14_NODE_2	81773	49	AG-919-L14_00129	30634	32076	1443	+	1	1	1	0	1
AG-919-L14	query	AG-919-L14_NODE_2	81773	49	AG-919-L14_00130	32083	32817	735	+	1	1	1	0	1
AG-919-L14	query	AG-919-L14_NODE_2	81773	49	AG-919-L14_00131	32980	33351	372	+	1	1	1	0	1
AG-919-L14	query	AG-919-L14_NODE_2	81773	49	AG-919-L14_00134	33677	36304	2628	+	1	1	1	0	1
AG-919-L14	query	AG-919-L14_NODE_2	81773	49	AG-919-L14_00135	36304	38022	1719	+	1	1	1	0	1
AG-919-L14	query	AG-919-L14_NODE_2	81773	49	AG-919-L14_00136	38022	39212	1191	+	1	1	1	0	1
AG-919-L14	query	AG-919-L14_NODE_2	81773	49	AG-919-L14_00137	39213	40097	885	-	1	1	1	0	1
AG-919-L14	query	AG-919-L14_NODE_2	81773	49	AG-919-L14_00138	40196	41008	813	+	1	1	1	0	1
AG-919-L14	query	AG-919-L14_NODE_2	81773	49	AG-919-L14_00139	41012	42019	1008	+	1	1	1	0	1
AG-919-L14	query	AG-919-L14_NODE_2	81773	49	AG-919-L14_00140	42085	43230	1146	+	1	1	1	0	1
AG-919-L14	query	AG-919-L14_NODE_2	81773	49	AG-919-L14_00142	44040	45071	1032	+	1	1	1	0	1
AG-919-L14	query	AG-919-L14_NODE_2	81773	49	AG-919-L14_00143	45163	46548	1386	+	1	1	1	0	1
AG-919-L14	query	AG-919-L14_NODE_2	81773	49	AG-919-L14_00144	46541	47809	1269	+	1	1	1	0	1
AG-919-L14	query	AG-919-L14_NODE_2	81773	49	AG-919-L14_00145	47811	48566	756	+	1	1	1	0	1
AG-919-L14	query	AG-919-L14_NODE_2	81773	49	AG-919-L14_00146	48566	49273	708	+	1	1	1	0	1
AG-919-L14	query	AG-919-L14_NODE_2	81773	49	AG-919-L14_00147	49277	49960	684	+	1	1	1	0	1
AG-919-L14	query	AG-919-L14_NODE_2	81773	49	AG-919-L14_00148	49942	50466	525	-	1	1	1	0	1
AG-919-L14	query	AG-919-L14_NODE_2	81773	49	AG-919-L14_00149	50480	52636	2157	+	1	1	1	0	1
AG-919-L14	query	AG-919-L14_NODE_2	81773	49	AG-919-L14_00150	52623	54134	1512	+	1	1	1	0	1
AG-919-L14	query	AG-919-L14_NODE_2	81773	49	AG-919-L14_00151	54301	54510	210	-	1	1	1	0	1
AG-919-L14	query	AG-919-L14_NODE_2	81773	49	AG-919-L14_00152	54590	55081	492	-	1	1	1	0	1
AG-919-L14	query	AG-919-L14_NODE_2	81773	49	AG-919-L14_00153	55078	55737	660	-	1	1	1	0	1
AG-919-L14	query	AG-919-L14_NODE_2	81773	49	AG-919-L14_00154	55727	56158	432	-	1	1	1	0	1
AG-919-L14	query	AG-919-L14_NODE_2	81773	49	AG-919-L14_00155	56159	56380	222	-	1	1	1	0	1
AG-919-L14	query	AG-919-L14_NODE_2	81773	49	AG-919-L14_00156	56450	57181	732	-	1	1	1	0	1
AG-919-L14	query	AG-919-L14_NODE_2	81773	49	AG-919-L14_00157	57290	58732	1443	+	1	1	1	0	1
AG-919-L14	query	AG-919-L14_NODE_2	81773	49	AG-919-L14_00158	58740	59129	390	-	1	1	1	0	1
AG-919-L14	query	AG-919-L14_NODE_2	81773	49	AG-919-L14_00159	59154	59957	804	-	1	1	1	0	1
AG-919-L14	query	AG-919-L14_NODE_2	81773	49	AG-919-L14_00160	59958	60704	747	-	1	1	1	0	1
AG-919-L14	query	AG-919-L14_NODE_2	81773	49	AG-919-L14_00161	60774	61832	1059	+	1	1	1	0	1
AG-919-L14	query	AG-919-L14_NODE_2	81773	49	AG-919-L14_00162	61875	62873	999	+	1	1	1	0	1
AG-919-L14	query	AG-919-L14_NODE_2	81773	49	AG-919-L14_00163	62865	63641	777	-	1	1	1	0	1
AG-919-L14	query	AG-919-L14_NODE_2	81773	49	AG-919-L14_00164	63641	63958	318	-	1	1	1	0	1
AG-919-L14	query	AG-919-L14_NODE_2	81773	49	AG-919-L14_00165	64009	65127	1119	+	1	1	1	0	1
AG-919-L14	query	AG-919-L14_NODE_2	81773	49	AG-919-L14_00166	65124	66857	1734	+	1	1	1	0	1
AG-919-L14	query	AG-919-L14_NODE_2	81773	49	AG-919-L14_00167	66857	67120	264	+	1	1	1	0	1
AG-919-L14	query	AG-919-L14_NODE_2	81773	49	AG-919-L14_00168	67113	68060	948	+	1	1	1	0	1
AG-919-L14	query	AG-919-L14_NODE_2	81773	49	AG-919-L14_00169	68070	68810	741	+	1	1	1	0	1
AG-919-L14	query	AG-919-L14_NODE_2	81773	49	AG-919-L14_00170	68807	69508	702	+	1	1	1	0	1
AG-919-L14	query	AG-919-L14_NODE_2	81773	49	AG-919-L14_00171	69559	69759	201	+	1	1	1	0	1
AG-919-L14	query	AG-919-L14_NODE_2	81773	49	AG-919-L14_00172	69765	69977	213	+	1	1	1	0	1
AG-919-L14	query	AG-919-L14_NODE_2	81773	49	AG-919-L14_00173	69967	70737	771	+	1	1	1	0	1
AG-919-L14	query	AG-919-L14_NODE_2	81773	49	AG-919-L14_00174	70730	71989	1260	+	1	1	1	0	1
AG-919-L14	query	AG-919-L14_NODE_2	81773	49	AG-919-L14_00175	72044	72331	288	+	1	1	1	0	1
AG-919-L14	query	AG-919-L14_NODE_2	81773	49	AG-919-L14_00176	72347	73903	1557	+	1	1	1	0	1
AG-919-L14	query	AG-919-L14_NODE_2	81773	49	AG-919-L14_00177	73904	74791	888	+	1	1	1	0	1
AG-919-L14	query	AG-919-L14_NODE_2	81773	49	AG-919-L14_00178	74788	75390	603	-	1	1	1	0	1
AG-919-L14	query	AG-919-L14_NODE_2	81773	49	AG-919-L14_00179	75432	78284	2853	-	1	1	1	0	1
AG-919-L14	query	AG-919-L14_NODE_2	81773	49	AG-919-L14_00180	78378	78827	450	+	1	1	1	0	1
AG-919-L14	query	AG-919-L14_NODE_2	81773	49	AG-919-L14_00181	78833	81412	2580	+	1	1	1	0	1
AG-919-L14	query	AG-919-L14_NODE_20	11561	49	AG-919-L14_00874	284	835	552	-	1	1	1	0	1
AG-919-L14	query	AG-919-L14_NODE_20	11561	49	AG-919-L14_00875	836	1687	852	-	1	1	1	0	1
AG-919-L14	query	AG-919-L14_NODE_20	11561	49	AG-919-L14_00876	1688	2503	816	-	1	1	1	0	1
AG-919-L14	query	AG-919-L14_NODE_20	11561	49	AG-919-L14_00877	2635	6051	3417	-	1	1	1	0	1
AG-919-L14	query	AG-919-L14_NODE_20	11561	49	AG-919-L14_00878	6044	6721	678	-	1	1	1	0	1
AG-919-L14	query	AG-919-L14_NODE_20	11561	49	AG-919-L14_00879	6714	7946	1233	-	1	1	1	0	1
AG-919-L14	query	AG-919-L14_NODE_20	11561	49	AG-919-L14_00880	7943	9277	1335	-	1	1	1	0	1
AG-919-L14	query	AG-919-L14_NODE_20	11561	49	AG-919-L14_00881	9279	9524	246	-	1	1	1	0	1
AG-919-L14	query	AG-919-L14_NODE_20	11561	49	AG-919-L14_00882	9524	11182	1659	-	1	1	1	0	1
AG-919-L14	query	AG-919-L14_NODE_20	11561	49	AG-919-L14_00883	11183	11467	285	-	1	1	1	0	1
AG-919-L14	query	AG-919-L14_NODE_21	10033	49	AG-919-L14_00884	3	1421	1419	+	1	1	1	0	1
AG-919-L14	query	AG-919-L14_NODE_21	10033	49	AG-919-L14_00885	1411	2523	1113	+	1	1	1	0	1
AG-919-L14	query	AG-919-L14_NODE_21	10033	49	AG-919-L14_00886	2520	3221	702	-	1	1	1	0	1
AG-919-L14	query	AG-919-L14_NODE_21	10033	49	AG-919-L14_00887	3235	4446	1212	-	1	1	1	0	1
AG-919-L14	query	AG-919-L14_NODE_21	10033	49	AG-919-L14_00888	4446	4577	132	-	1	1	1	0	1
AG-919-L14	query	AG-919-L14_NODE_21	10033	49	AG-919-L14_00889	4574	5965	1392	-	1	1	1	0	1
AG-919-L14	query	AG-919-L14_NODE_21	10033	49	AG-919-L14_00890	5990	6499	510	+	1	1	1	0	1
AG-919-L14	query	AG-919-L14_NODE_21	10033	49	AG-919-L14_00891	6496	6699	204	-	1	1	1	0	1
AG-919-L14	query	AG-919-L14_NODE_21	10033	49	AG-919-L14_00892	6749	7408	660	+	1	1	1	0	1
AG-919-L14	query	AG-919-L14_NODE_21	10033	49	AG-919-L14_00893	7446	8015	570	+	1	1	1	0	1
AG-919-L14	query	AG-919-L14_NODE_21	10033	49	AG-919-L14_00894	8019	8549	531	-	1	1	1	0	1
AG-919-L14	query	AG-919-L14_NODE_21	10033	49	AG-919-L14_00895	8536	9018	483	-	1	1	1	0	1
AG-919-L14	query	AG-919-L14_NODE_21	10033	49	AG-919-L14_00896	9011	9616	606	-	1	1	1	0	1
AG-919-L14	query	AG-919-L14_NODE_22	9648	49	AG-919-L14_00898	594	2048	1455	-	1	1	1	0	1
AG-919-L14	query	AG-919-L14_NODE_22	9648	49	AG-919-L14_00899	2208	4148	1941	+	1	1	1	0	1
AG-919-L14	query	AG-919-L14_NODE_22	9648	49	AG-919-L14_00900	4139	5155	1017	+	1	1	1	0	1
AG-919-L14	query	AG-919-L14_NODE_22	9648	49	AG-919-L14_00902	5778	6902	1125	-	1	1	1	0	1
AG-919-L14	query	AG-919-L14_NODE_22	9648	49	AG-919-L14_00903	6902	7798	897	-	1	1	1	0	1
AG-919-L14	query	AG-919-L14_NODE_22	9648	49	AG-919-L14_00905	9355	9519	165	-	1	1	1	0	1
AG-919-L14	query	AG-919-L14_NODE_23	9356	49	AG-919-L14_00906	35	1366	1332	+	1	1	1	0	1
AG-919-L14	query	AG-919-L14_NODE_23	9356	49	AG-919-L14_00907	1359	2528	1170	+	1	1	1	0	1
AG-919-L14	query	AG-919-L14_NODE_23	9356	49	AG-919-L14_00908	2589	4181	1593	+	1	1	1	0	1
AG-919-L14	query	AG-919-L14_NODE_23	9356	49	AG-919-L14_00909	4192	6414	2223	+	1	1	1	0	1
AG-919-L14	query	AG-919-L14_NODE_23	9356	49	AG-919-L14_00910	6414	6782	369	+	1	1	1	0	1
AG-919-L14	query	AG-919-L14_NODE_23	9356	49	AG-919-L14_00911	6795	7043	249	+	1	1	1	0	1
AG-919-L14	query	AG-919-L14_NODE_23	9356	49	AG-919-L14_00912	7101	9173	2073	+	1	1	1	0	1
AG-919-L14	query	AG-919-L14_NODE_24	8220	49	AG-919-L14_00916	2370	2591	222	+	1	1	1	0	1
AG-919-L14	query	AG-919-L14_NODE_24	8220	49	AG-919-L14_00917	2609	2899	291	+	1	1	1	0	1
AG-919-L14	query	AG-919-L14_NODE_24	8220	49	AG-919-L14_00918	2909	3115	207	+	1	1	1	0	1
AG-919-L14	query	AG-919-L14_NODE_24	8220	49	AG-919-L14_00919	3131	3421	291	+	1	1	1	0	1
AG-919-L14	query	AG-919-L14_NODE_24	8220	49	AG-919-L14_00922	4217	4531	315	+	1	1	1	0	1
AG-919-L14	query	AG-919-L14_NODE_24	8220	49	AG-919-L14_00924	4995	5330	336	+	1	1	1	0	1
AG-919-L14	query	AG-919-L14_NODE_24	8220	49	AG-919-L14_00925	5335	5670	336	+	1	1	1	0	1
AG-919-L14	query	AG-919-L14_NODE_24	8220	49	AG-919-L14_00926	5663	6469	807	-	1	1	1	0	1
AG-919-L14	query	AG-919-L14_NODE_24	8220	49	AG-919-L14_00927	6536	7636	1101	+	1	1	1	0	1
AG-919-L14	query	AG-919-L14_NODE_24	8220	49	AG-919-L14_00928	7638	7817	180	-	1	1	1	0	1
AG-919-L14	query	AG-919-L14_NODE_25	7378	49	AG-919-L14_00931	2447	2752	306	-	1	1	1	0	1
AG-919-L14	query	AG-919-L14_NODE_25	7378	49	AG-919-L14_00932	2756	3757	1002	-	1	1	1	0	1
AG-919-L14	query	AG-919-L14_NODE_25	7378	49	AG-919-L14_00933	3769	3951	183	-	1	1	1	0	1
AG-919-L14	query	AG-919-L14_NODE_25	7378	49	AG-919-L14_00935	4420	4905	486	+	1	1	1	0	1
AG-919-L14	query	AG-919-L14_NODE_25	7378	49	AG-919-L14_00936	4892	6997	2106	-	1	1	1	0	1
AG-919-L14	query	AG-919-L14_NODE_25	7378	49	AG-919-L14_00937	7080	7352	273	-	1	1	1	0	1
AG-919-L14	query	AG-919-L14_NODE_26	6889	49	AG-919-L14_00938	148	540	393	+	1	1	1	0	1
AG-919-L14	query	AG-919-L14_NODE_26	6889	49	AG-919-L14_00939	537	1040	504	-	1	1	1	0	1
AG-919-L14	query	AG-919-L14_NODE_26	6889	49	AG-919-L14_00940	1057	3132	2076	+	1	1	1	0	1
AG-919-L14	query	AG-919-L14_NODE_26	6889	49	AG-919-L14_00941	3229	3675	447	+	1	1	1	0	1
AG-919-L14	query	AG-919-L14_NODE_26	6889	49	AG-919-L14_00942	3717	4022	306	-	1	1	1	0	1
AG-919-L14	query	AG-919-L14_NODE_26	6889	49	AG-919-L14_00943	4147	5457	1311	+	1	1	1	0	1
AG-919-L14	query	AG-919-L14_NODE_26	6889	49	AG-919-L14_00944	5485	6012	528	-	1	1	1	0	1
AG-919-L14	query	AG-919-L14_NODE_26	6889	49	AG-919-L14_00945	6056	6352	297	+	1	1	1	0	1
AG-919-L14	query	AG-919-L14_NODE_26	6889	49	AG-919-L14_00946	6339	6725	387	-	1	1	1	0	1
AG-919-L14	query	AG-919-L14_NODE_28	6565	49	AG-919-L14_00952	39	329	291	+	1	1	1	0	1
AG-919-L14	query	AG-919-L14_NODE_28	6565	49	AG-919-L14_00953	326	1015	690	+	1	1	1	0	1
AG-919-L14	query	AG-919-L14_NODE_28	6565	49	AG-919-L14_00954	993	1706	714	-	1	1	1	0	1
AG-919-L14	query	AG-919-L14_NODE_28	6565	49	AG-919-L14_00955	1752	2150	399	+	1	1	1	0	1
AG-919-L14	query	AG-919-L14_NODE_28	6565	49	AG-919-L14_00956	2131	2730	600	+	1	1	1	0	1
AG-919-L14	query	AG-919-L14_NODE_28	6565	49	AG-919-L14_00957	2720	5848	3129	-	1	1	1	0	1
AG-919-L14	query	AG-919-L14_NODE_28	6565	49	AG-919-L14_00958	5849	6466	618	-	1	1	1	0	1
AG-919-L14	query	AG-919-L14_NODE_29	6275	49	AG-919-L14_00959	28	1194	1167	+	1	1	1	0	1
AG-919-L14	query	AG-919-L14_NODE_29	6275	49	AG-919-L14_00960	1204	2322	1119	+	1	1	1	0	1
AG-919-L14	query	AG-919-L14_NODE_29	6275	49	AG-919-L14_00961	2327	4771	2445	+	1	1	1	0	1
AG-919-L14	query	AG-919-L14_NODE_29	6275	49	AG-919-L14_00962	4768	5619	852	-	1	1	1	0	1
AG-919-L14	query	AG-919-L14_NODE_29	6275	49	AG-919-L14_00963	5664	6191	528	-	1	1	1	0	1
AG-919-L14	query	AG-919-L14_NODE_3	77520	49	AG-919-L14_00182	217	666	450	-	1	1	1	0	1
AG-919-L14	query	AG-919-L14_NODE_3	77520	49	AG-919-L14_00183	650	1936	1287	-	1	1	1	0	1
AG-919-L14	query	AG-919-L14_NODE_3	77520	49	AG-919-L14_00184	1982	3523	1542	-	1	1	1	0	1
AG-919-L14	query	AG-919-L14_NODE_3	77520	49	AG-919-L14_00185	3523	4230	708	-	1	1	1	0	1
AG-919-L14	query	AG-919-L14_NODE_3	77520	49	AG-919-L14_00186	4276	7050	2775	-	1	1	1	0	1
AG-919-L14	query	AG-919-L14_NODE_3	77520	49	AG-919-L14_00187	7097	7648	552	+	1	1	1	0	1
AG-919-L14	query	AG-919-L14_NODE_3	77520	49	AG-919-L14_00188	7641	8204	564	-	1	1	1	0	1
AG-919-L14	query	AG-919-L14_NODE_3	77520	49	AG-919-L14_00189	8352	9536	1185	+	1	1	1	0	1
AG-919-L14	query	AG-919-L14_NODE_3	77520	49	AG-919-L14_00190	9536	10579	1044	+	1	1	1	0	1
AG-919-L14	query	AG-919-L14_NODE_3	77520	49	AG-919-L14_00192	11462	12010	549	-	1	1	1	0	1
AG-919-L14	query	AG-919-L14_NODE_3	77520	49	AG-919-L14_00193	12010	12324	315	-	1	1	1	0	1
AG-919-L14	query	AG-919-L14_NODE_3	77520	49	AG-919-L14_00194	12377	13429	1053	-	1	1	1	0	1
AG-919-L14	query	AG-919-L14_NODE_3	77520	49	AG-919-L14_00195	13429	14991	1563	-	1	1	1	0	1
AG-919-L14	query	AG-919-L14_NODE_3	77520	49	AG-919-L14_00207	24975	26081	1107	+	1	1	1	0	1
AG-919-L14	query	AG-919-L14_NODE_3	77520	49	AG-919-L14_00208	26081	27331	1251	+	1	1	1	0	1
AG-919-L14	query	AG-919-L14_NODE_3	77520	49	AG-919-L14_00209	27339	27854	516	+	1	1	1	0	1
AG-919-L14	query	AG-919-L14_NODE_3	77520	49	AG-919-L14_00210	27872	28222	351	+	1	1	1	0	1
AG-919-L14	query	AG-919-L14_NODE_3	77520	49	AG-919-L14_00211	28222	29349	1128	+	1	1	1	0	1
AG-919-L14	query	AG-919-L14_NODE_3	77520	49	AG-919-L14_00212	29351	29827	477	+	1	1	1	0	1
AG-919-L14	query	AG-919-L14_NODE_3	77520	49	AG-919-L14_00213	29820	30212	393	-	1	1	1	0	1
AG-919-L14	query	AG-919-L14_NODE_3	77520	49	AG-919-L14_00214	30212	31630	1419	-	1	1	1	0	1
AG-919-L14	query	AG-919-L14_NODE_3	77520	49	AG-919-L14_00215	31633	32508	876	-	1	1	1	0	1
AG-919-L14	query	AG-919-L14_NODE_3	77520	49	AG-919-L14_00216	32516	34051	1536	-	1	1	1	0	1
AG-919-L14	query	AG-919-L14_NODE_3	77520	49	AG-919-L14_00217	34052	34609	558	-	1	1	1	0	1
AG-919-L14	query	AG-919-L14_NODE_3	77520	49	AG-919-L14_00218	34717	36672	1956	-	1	1	1	0	1
AG-919-L14	query	AG-919-L14_NODE_3	77520	49	AG-919-L14_00220	37635	39035	1401	-	1	1	1	0	1
AG-919-L14	query	AG-919-L14_NODE_3	77520	49	AG-919-L14_00221	39036	40322	1287	-	1	1	1	0	1
AG-919-L14	query	AG-919-L14_NODE_3	77520	49	AG-919-L14_00222	40329	43202	2874	-	1	1	1	0	1
AG-919-L14	query	AG-919-L14_NODE_3	77520	49	AG-919-L14_00223	43238	44113	876	-	1	1	1	0	1
AG-919-L14	query	AG-919-L14_NODE_3	77520	49	AG-919-L14_00224	44113	45273	1161	-	1	1	1	0	1
AG-919-L14	query	AG-919-L14_NODE_3	77520	49	AG-919-L14_00225	45270	46247	978	-	1	1	1	0	1
AG-919-L14	query	AG-919-L14_NODE_3	77520	49	AG-919-L14_00226	46253	47746	1494	-	1	1	1	0	1
AG-919-L14	query	AG-919-L14_NODE_3	77520	49	AG-919-L14_00227	47789	47917	129	-	1	1	1	0	1
AG-919-L14	query	AG-919-L14_NODE_3	77520	49	AG-919-L14_00228	47875	48567	693	-	1	1	1	0	1
AG-919-L14	query	AG-919-L14_NODE_3	77520	49	AG-919-L14_00229	48567	50342	1776	-	1	1	1	0	1
AG-919-L14	query	AG-919-L14_NODE_3	77520	49	AG-919-L14_00230	50339	50662	324	-	1	1	1	0	1
AG-919-L14	query	AG-919-L14_NODE_3	77520	49	AG-919-L14_00231	50664	51047	384	-	1	1	1	0	1
AG-919-L14	query	AG-919-L14_NODE_3	77520	49	AG-919-L14_00232	51037	52044	1008	-	1	1	1	0	1
AG-919-L14	query	AG-919-L14_NODE_3	77520	49	AG-919-L14_00233	52060	53169	1110	-	1	1	1	0	1
AG-919-L14	query	AG-919-L14_NODE_3	77520	49	AG-919-L14_00234	53166	53942	777	-	1	1	1	0	1
AG-919-L14	query	AG-919-L14_NODE_3	77520	49	AG-919-L14_00235	53951	55567	1617	-	1	1	1	0	1
AG-919-L14	query	AG-919-L14_NODE_3	77520	49	AG-919-L14_00236	55568	57331	1764	-	1	1	1	0	1
AG-919-L14	query	AG-919-L14_NODE_3	77520	49	AG-919-L14_00237	57358	58464	1107	-	1	1	1	0	1
AG-919-L14	query	AG-919-L14_NODE_3	77520	49	AG-919-L14_00238	58457	59062	606	-	1	1	1	0	1
AG-919-L14	query	AG-919-L14_NODE_3	77520	49	AG-919-L14_00239	59062	60465	1404	-	1	1	1	0	1
AG-919-L14	query	AG-919-L14_NODE_3	77520	49	AG-919-L14_00240	60477	61055	579	-	1	1	1	0	1
AG-919-L14	query	AG-919-L14_NODE_3	77520	49	AG-919-L14_00241	61072	61758	687	-	1	1	1	0	1
AG-919-L14	query	AG-919-L14_NODE_3	77520	49	AG-919-L14_00242	61773	62255	483	-	1	1	1	0	1
AG-919-L14	query	AG-919-L14_NODE_3	77520	49	AG-919-L14_00243	62269	63627	1359	-	1	1	1	0	1
AG-919-L14	query	AG-919-L14_NODE_3	77520	49	AG-919-L14_00244	63789	64613	825	+	1	1	1	0	1
AG-919-L14	query	AG-919-L14_NODE_3	77520	49	AG-919-L14_00245	64613	65530	918	+	1	1	1	0	1
AG-919-L14	query	AG-919-L14_NODE_3	77520	49	AG-919-L14_00246	65523	66086	564	-	1	1	1	0	1
AG-919-L14	query	AG-919-L14_NODE_3	77520	49	AG-919-L14_00247	66136	66852	717	-	1	1	1	0	1
AG-919-L14	query	AG-919-L14_NODE_3	77520	49	AG-919-L14_00248	66938	67843	906	-	1	1	1	0	1
AG-919-L14	query	AG-919-L14_NODE_3	77520	49	AG-919-L14_00249	67855	68031	177	-	1	1	1	0	1
AG-919-L14	query	AG-919-L14_NODE_3	77520	49	AG-919-L14_00250	68033	69361	1329	-	1	1	1	0	1
AG-919-L14	query	AG-919-L14_NODE_3	77520	49	AG-919-L14_00251	69368	70729	1362	-	1	1	1	0	1
AG-919-L14	query	AG-919-L14_NODE_3	77520	49	AG-919-L14_00252	70719	71312	594	-	1	1	1	0	1
AG-919-L14	query	AG-919-L14_NODE_3	77520	49	AG-919-L14_00253	71398	72552	1155	-	1	1	1	0	1
AG-919-L14	query	AG-919-L14_NODE_3	77520	49	AG-919-L14_00254	72671	73624	954	-	1	1	1	0	1
AG-919-L14	query	AG-919-L14_NODE_3	77520	49	AG-919-L14_00255	73641	75014	1374	-	1	1	1	0	1
AG-919-L14	query	AG-919-L14_NODE_3	77520	49	AG-919-L14_00256	75053	76219	1167	-	1	1	1	0	1
AG-919-L14	query	AG-919-L14_NODE_3	77520	49	AG-919-L14_00257	76225	77388	1164	-	1	1	1	0	1
AG-919-L14	query	AG-919-L14_NODE_30	5741	49	AG-919-L14_00964	820	1332	513	-	1	1	1	0	1
AG-919-L14	query	AG-919-L14_NODE_30	5741	49	AG-919-L14_00965	1405	2088	684	-	1	1	1	0	1
AG-919-L14	query	AG-919-L14_NODE_30	5741	49	AG-919-L14_00966	2088	3269	1182	-	1	1	1	0	1
AG-919-L14	query	AG-919-L14_NODE_30	5741	49	AG-919-L14_00967	3266	3898	633	-	1	1	1	0	1
AG-919-L14	query	AG-919-L14_NODE_30	5741	49	AG-919-L14_00968	3891	4718	828	-	1	1	1	0	1
AG-919-L14	query	AG-919-L14_NODE_30	5741	49	AG-919-L14_00969	4693	5706	1014	-	1	1	1	0	1
AG-919-L14	query	AG-919-L14_NODE_31	5672	49	AG-919-L14_00970	608	964	357	-	1	1	1	0	1
AG-919-L14	query	AG-919-L14_NODE_31	5672	49	AG-919-L14_00971	1034	2845	1812	-	1	1	1	0	1
AG-919-L14	query	AG-919-L14_NODE_31	5672	49	AG-919-L14_00972	2849	3109	261	-	1	1	1	0	1
AG-919-L14	query	AG-919-L14_NODE_31	5672	49	AG-919-L14_00973	3235	3858	624	+	1	1	1	0	1
AG-919-L14	query	AG-919-L14_NODE_31	5672	49	AG-919-L14_00974	3855	5624	1770	-	1	1	1	0	1
AG-919-L14	query	AG-919-L14_NODE_32	5339	49	AG-919-L14_00975	522	1172	651	-	1	1	1	0	1
AG-919-L14	query	AG-919-L14_NODE_32	5339	49	AG-919-L14_00976	1186	2019	834	-	1	1	1	0	1
AG-919-L14	query	AG-919-L14_NODE_32	5339	49	AG-919-L14_00977	2031	2867	837	-	1	1	1	0	1
AG-919-L14	query	AG-919-L14_NODE_32	5339	49	AG-919-L14_00978	2867	3871	1005	-	1	1	1	0	1
AG-919-L14	query	AG-919-L14_NODE_32	5339	49	AG-919-L14_00979	3861	5192	1332	-	1	1	1	0	1
AG-919-L14	query	AG-919-L14_NODE_37	4374	49	AG-919-L14_01004	92	2749	2658	+	1	1	1	0	1
AG-919-L14	query	AG-919-L14_NODE_37	4374	49	AG-919-L14_01005	2767	3546	780	+	1	1	1	0	1
AG-919-L14	query	AG-919-L14_NODE_37	4374	49	AG-919-L14_01006	3556	4293	738	-	1	1	1	0	1
AG-919-L14	query	AG-919-L14_NODE_38	4147	49	AG-919-L14_01009	883	1212	330	+	1	1	1	0	1
AG-919-L14	query	AG-919-L14_NODE_38	4147	49	AG-919-L14_01010	1313	2107	795	+	1	1	1	0	1
AG-919-L14	query	AG-919-L14_NODE_38	4147	49	AG-919-L14_01011	2141	2611	471	+	1	1	1	0	1
AG-919-L14	query	AG-919-L14_NODE_39	4029	49	AG-919-L14_01012	768	1574	807	+	1	1	1	0	1
AG-919-L14	query	AG-919-L14_NODE_39	4029	49	AG-919-L14_01013	1564	2445	882	+	1	1	1	0	1
AG-919-L14	query	AG-919-L14_NODE_39	4029	49	AG-919-L14_01014	3670	3873	204	-	1	1	1	0	1
AG-919-L14	query	AG-919-L14_NODE_4	72726	49	AG-919-L14_00258	81	1904	1824	+	1	1	1	0	1
AG-919-L14	query	AG-919-L14_NODE_4	72726	49	AG-919-L14_00260	2336	4783	2448	+	1	1	1	0	1
AG-919-L14	query	AG-919-L14_NODE_4	72726	49	AG-919-L14_00296	41468	42766	1299	+	1	1	1	0	1
AG-919-L14	query	AG-919-L14_NODE_4	72726	49	AG-919-L14_00297	42769	43200	432	+	1	1	1	0	1
AG-919-L14	query	AG-919-L14_NODE_4	72726	49	AG-919-L14_00298	43200	44252	1053	+	1	1	1	0	1
AG-919-L14	query	AG-919-L14_NODE_4	72726	49	AG-919-L14_00299	44254	44676	423	+	1	1	1	0	1
AG-919-L14	query	AG-919-L14_NODE_4	72726	49	AG-919-L14_00300	44673	46091	1419	-	1	1	1	0	1
AG-919-L14	query	AG-919-L14_NODE_4	72726	49	AG-919-L14_00301	46098	47126	1029	-	1	1	1	0	1
AG-919-L14	query	AG-919-L14_NODE_4	72726	49	AG-919-L14_00302	47212	48537	1326	-	1	1	1	0	1
AG-919-L14	query	AG-919-L14_NODE_4	72726	49	AG-919-L14_00303	48555	48710	156	-	1	1	1	0	1
AG-919-L14	query	AG-919-L14_NODE_4	72726	49	AG-919-L14_00304	48773	49003	231	-	1	1	1	0	1
AG-919-L14	query	AG-919-L14_NODE_4	72726	49	AG-919-L14_00305	49015	50415	1401	-	1	1	1	0	1
AG-919-L14	query	AG-919-L14_NODE_4	72726	49	AG-919-L14_00306	50540	50938	399	-	1	1	1	0	1
AG-919-L14	query	AG-919-L14_NODE_4	72726	49	AG-919-L14_00307	50947	52359	1413	-	1	1	1	0	1
AG-919-L14	query	AG-919-L14_NODE_4	72726	49	AG-919-L14_00308	52359	53213	855	-	1	1	1	0	1
AG-919-L14	query	AG-919-L14_NODE_4	72726	49	AG-919-L14_00309	53201	54145	945	-	1	1	1	0	1
AG-919-L14	query	AG-919-L14_NODE_4	72726	49	AG-919-L14_00310	54167	55636	1470	-	1	1	1	0	1
AG-919-L14	query	AG-919-L14_NODE_4	72726	49	AG-919-L14_00311	55706	57052	1347	-	1	1	1	0	1
AG-919-L14	query	AG-919-L14_NODE_4	72726	49	AG-919-L14_00312	57112	57462	351	-	1	1	1	0	1
AG-919-L14	query	AG-919-L14_NODE_4	72726	49	AG-919-L14_00313	57462	59801	2340	-	1	1	1	0	1
AG-919-L14	query	AG-919-L14_NODE_4	72726	49	AG-919-L14_00314	59901	60845	945	+	1	1	1	0	1
AG-919-L14	query	AG-919-L14_NODE_4	72726	49	AG-919-L14_00315	60916	61377	462	+	1	1	1	0	1
AG-919-L14	query	AG-919-L14_NODE_4	72726	49	AG-919-L14_00316	61406	61789	384	+	1	1	1	0	1
AG-919-L14	query	AG-919-L14_NODE_4	72726	49	AG-919-L14_00317	61790	62341	552	+	1	1	1	0	1
AG-919-L14	query	AG-919-L14_NODE_4	72726	49	AG-919-L14_00318	62407	63435	1029	+	1	1	1	0	1
AG-919-L14	query	AG-919-L14_NODE_4	72726	49	AG-919-L14_00319	63438	65591	2154	+	1	1	1	0	1
AG-919-L14	query	AG-919-L14_NODE_4	72726	49	AG-919-L14_00320	65599	66930	1332	-	1	1	1	0	1
AG-919-L14	query	AG-919-L14_NODE_4	72726	49	AG-919-L14_00321	67083	68042	960	+	1	1	1	0	1
AG-919-L14	query	AG-919-L14_NODE_4	72726	49	AG-919-L14_00322	68048	69208	1161	+	1	1	1	0	1
AG-919-L14	query	AG-919-L14_NODE_4	72726	49	AG-919-L14_00323	69205	69987	783	+	1	1	1	0	1
AG-919-L14	query	AG-919-L14_NODE_4	72726	49	AG-919-L14_00324	69984	71669	1686	-	1	1	1	0	1
AG-919-L14	query	AG-919-L14_NODE_40	3911	49	AG-919-L14_01021	2	703	702	-	1	1	1	0	1
AG-919-L14	query	AG-919-L14_NODE_40	3911	49	AG-919-L14_01022	707	1480	774	-	1	1	1	0	1
AG-919-L14	query	AG-919-L14_NODE_40	3911	49	AG-919-L14_01023	1473	2171	699	-	1	1	1	0	1
AG-919-L14	query	AG-919-L14_NODE_40	3911	49	AG-919-L14_01024	2190	2939	750	+	1	1	1	0	1
AG-919-L14	query	AG-919-L14_NODE_40	3911	49	AG-919-L14_01025	2940	3119	180	+	1	1	1	0	1
AG-919-L14	query	AG-919-L14_NODE_44	2990	49	AG-919-L14_01035	464	1240	777	+	1	1	1	0	1
AG-919-L14	query	AG-919-L14_NODE_44	2990	49	AG-919-L14_01036	1247	2566	1320	+	1	1	1	0	1
AG-919-L14	query	AG-919-L14_NODE_45	2586	49	AG-919-L14_01039	1563	2516	954	-	1	1	1	0	1
AG-919-L14	query	AG-919-L14_NODE_46	2295	49	AG-919-L14_01040	41	547	507	+	1	1	1	0	1
AG-919-L14	query	AG-919-L14_NODE_46	2295	49	AG-919-L14_01042	706	1818	1113	-	1	1	1	0	1
AG-919-L14	query	AG-919-L14_NODE_46	2295	49	AG-919-L14_01043	1825	2169	345	-	1	1	1	0	1
AG-919-L14	query	AG-919-L14_NODE_48	2003	49	AG-919-L14_01048	315	1874	1560	-	1	1	1	0	1
AG-919-L14	query	AG-919-L14_NODE_5	63516	49	AG-919-L14_00325	477	1670	1194	+	1	1	1	0	1
AG-919-L14	query	AG-919-L14_NODE_5	63516	49	AG-919-L14_00326	1648	4875	3228	+	1	1	1	0	1
AG-919-L14	query	AG-919-L14_NODE_5	63516	49	AG-919-L14_00327	4980	5240	261	+	1	1	1	0	1
AG-919-L14	query	AG-919-L14_NODE_5	63516	49	AG-919-L14_00328	5241	5903	663	-	1	1	1	0	1
AG-919-L14	query	AG-919-L14_NODE_5	63516	49	AG-919-L14_00329	5890	6840	951	-	1	1	1	0	1
AG-919-L14	query	AG-919-L14_NODE_5	63516	49	AG-919-L14_00330	6862	7806	945	+	1	1	1	0	1
AG-919-L14	query	AG-919-L14_NODE_5	63516	49	AG-919-L14_00331	7808	8755	948	+	1	1	1	0	1
AG-919-L14	query	AG-919-L14_NODE_5	63516	49	AG-919-L14_00332	8756	9946	1191	-	1	1	1	0	1
AG-919-L14	query	AG-919-L14_NODE_5	63516	49	AG-919-L14_00333	9983	12157	2175	+	1	1	1	0	1
AG-919-L14	query	AG-919-L14_NODE_5	63516	49	AG-919-L14_00334	12139	12894	756	+	1	1	1	0	1
AG-919-L14	query	AG-919-L14_NODE_5	63516	49	AG-919-L14_00335	12891	13316	426	+	1	1	1	0	1
AG-919-L14	query	AG-919-L14_NODE_5	63516	49	AG-919-L14_00336	13303	15138	1836	+	1	1	1	0	1
AG-919-L14	query	AG-919-L14_NODE_5	63516	49	AG-919-L14_00337	15144	15728	585	+	1	1	1	0	1
AG-919-L14	query	AG-919-L14_NODE_5	63516	49	AG-919-L14_00338	15725	16606	882	-	1	1	1	0	1
AG-919-L14	query	AG-919-L14_NODE_5	63516	49	AG-919-L14_00339	16677	17114	438	+	1	1	1	0	1
AG-919-L14	query	AG-919-L14_NODE_5	63516	49	AG-919-L14_00340	17107	17784	678	+	1	1	1	0	1
AG-919-L14	query	AG-919-L14_NODE_5	63516	49	AG-919-L14_00341	17765	19084	1320	+	1	1	1	0	1
AG-919-L14	query	AG-919-L14_NODE_5	63516	49	AG-919-L14_00342	19062	19313	252	-	1	1	1	0	1
AG-919-L14	query	AG-919-L14_NODE_5	63516	49	AG-919-L14_00343	19364	20146	783	+	1	1	1	0	1
AG-919-L14	query	AG-919-L14_NODE_5	63516	49	AG-919-L14_00344	20124	21167	1044	+	1	1	1	0	1
AG-919-L14	query	AG-919-L14_NODE_5	63516	49	AG-919-L14_00345	21388	21927	540	+	1	1	1	0	1
AG-919-L14	query	AG-919-L14_NODE_5	63516	49	AG-919-L14_00346	21935	22867	933	+	1	1	1	0	1
AG-919-L14	query	AG-919-L14_NODE_5	63516	49	AG-919-L14_00347	22911	23639	729	+	1	1	1	0	1
AG-919-L14	query	AG-919-L14_NODE_5	63516	49	AG-919-L14_00348	23674	24234	561	+	1	1	1	0	1
AG-919-L14	query	AG-919-L14_NODE_5	63516	49	AG-919-L14_00349	24234	25307	1074	+	1	1	1	0	1
AG-919-L14	query	AG-919-L14_NODE_5	63516	49	AG-919-L14_00350	25284	26063	780	-	1	1	1	0	1
AG-919-L14	query	AG-919-L14_NODE_5	63516	49	AG-919-L14_00351	26064	27326	1263	-	1	1	1	0	1
AG-919-L14	query	AG-919-L14_NODE_5	63516	49	AG-919-L14_00352	27332	27841	510	-	1	1	1	0	1
AG-919-L14	query	AG-919-L14_NODE_5	63516	49	AG-919-L14_00353	27932	28405	474	+	1	1	1	0	1
AG-919-L14	query	AG-919-L14_NODE_5	63516	49	AG-919-L14_00354	28407	29234	828	+	1	1	1	0	1
AG-919-L14	query	AG-919-L14_NODE_5	63516	49	AG-919-L14_00355	29236	29712	477	+	1	1	1	0	1
AG-919-L14	query	AG-919-L14_NODE_5	63516	49	AG-919-L14_00356	29709	30983	1275	-	1	1	1	0	1
AG-919-L14	query	AG-919-L14_NODE_5	63516	49	AG-919-L14_00358	31094	31939	846	-	1	1	1	0	1
AG-919-L14	query	AG-919-L14_NODE_5	63516	49	AG-919-L14_00359	31939	33624	1686	-	1	1	1	0	1
AG-919-L14	query	AG-919-L14_NODE_5	63516	49	AG-919-L14_00360	33636	34352	717	+	1	1	1	0	1
AG-919-L14	query	AG-919-L14_NODE_5	63516	49	AG-919-L14_00361	34352	34912	561	+	1	1	1	0	1
AG-919-L14	query	AG-919-L14_NODE_5	63516	49	AG-919-L14_00362	35032	36102	1071	+	1	1	1	0	1
AG-919-L14	query	AG-919-L14_NODE_5	63516	49	AG-919-L14_00363	36099	37241	1143	-	1	1	1	0	1
AG-919-L14	query	AG-919-L14_NODE_5	63516	49	AG-919-L14_00364	37238	38221	984	-	1	1	1	0	1
AG-919-L14	query	AG-919-L14_NODE_5	63516	49	AG-919-L14_00365	38222	38710	489	+	1	1	1	0	1
AG-919-L14	query	AG-919-L14_NODE_5	63516	49	AG-919-L14_00366	38707	39282	576	+	1	1	1	0	1
AG-919-L14	query	AG-919-L14_NODE_5	63516	49	AG-919-L14_00367	39291	41687	2397	+	1	1	1	0	1
AG-919-L14	query	AG-919-L14_NODE_5	63516	49	AG-919-L14_00368	41701	41976	276	+	1	1	1	0	1
AG-919-L14	query	AG-919-L14_NODE_5	63516	49	AG-919-L14_00369	42002	42721	720	+	1	1	1	0	1
AG-919-L14	query	AG-919-L14_NODE_5	63516	49	AG-919-L14_00370	42739	42966	228	+	1	1	1	0	1
AG-919-L14	query	AG-919-L14_NODE_5	63516	49	AG-919-L14_00371	42970	43560	591	+	1	1	1	0	1
AG-919-L14	query	AG-919-L14_NODE_5	63516	49	AG-919-L14_00372	43550	44047	498	+	1	1	1	0	1
AG-919-L14	query	AG-919-L14_NODE_5	63516	49	AG-919-L14_00373	44088	45548	1461	+	1	1	1	0	1
AG-919-L14	query	AG-919-L14_NODE_5	63516	49	AG-919-L14_00374	45548	46399	852	+	1	1	1	0	1
AG-919-L14	query	AG-919-L14_NODE_5	63516	49	AG-919-L14_00375	46386	47453	1068	+	1	1	1	0	1
AG-919-L14	query	AG-919-L14_NODE_5	63516	49	AG-919-L14_00376	47460	48404	945	+	1	1	1	0	1
AG-919-L14	query	AG-919-L14_NODE_5	63516	49	AG-919-L14_00377	48385	49329	945	+	1	1	1	0	1
AG-919-L14	query	AG-919-L14_NODE_5	63516	49	AG-919-L14_00378	49330	50295	966	+	1	1	1	0	1
AG-919-L14	query	AG-919-L14_NODE_5	63516	49	AG-919-L14_00379	50295	50717	423	+	1	1	1	0	1
AG-919-L14	query	AG-919-L14_NODE_5	63516	49	AG-919-L14_00380	50747	51235	489	-	1	1	1	0	1
AG-919-L14	query	AG-919-L14_NODE_5	63516	49	AG-919-L14_00381	51232	52605	1374	-	1	1	1	0	1
AG-919-L14	query	AG-919-L14_NODE_5	63516	49	AG-919-L14_00382	52606	53259	654	-	1	1	1	0	1
AG-919-L14	query	AG-919-L14_NODE_5	63516	49	AG-919-L14_00383	53269	54057	789	-	1	1	1	0	1
AG-919-L14	query	AG-919-L14_NODE_5	63516	49	AG-919-L14_00384	54067	54600	534	-	1	1	1	0	1
AG-919-L14	query	AG-919-L14_NODE_5	63516	49	AG-919-L14_00386	54719	55630	912	-	1	1	1	0	1
AG-919-L14	query	AG-919-L14_NODE_5	63516	49	AG-919-L14_00387	55654	57285	1632	-	1	1	1	0	1
AG-919-L14	query	AG-919-L14_NODE_5	63516	49	AG-919-L14_00388	57289	58101	813	-	1	1	1	0	1
AG-919-L14	query	AG-919-L14_NODE_5	63516	49	AG-919-L14_00389	58162	58863	702	-	1	1	1	0	1
AG-919-L14	query	AG-919-L14_NODE_5	63516	49	AG-919-L14_00390	58881	59543	663	+	1	1	1	0	1
AG-919-L14	query	AG-919-L14_NODE_5	63516	49	AG-919-L14_00391	59642	60010	369	+	1	1	1	0	1
AG-919-L14	query	AG-919-L14_NODE_5	63516	49	AG-919-L14_00392	60047	60883	837	+	1	1	1	0	1
AG-919-L14	query	AG-919-L14_NODE_5	63516	49	AG-919-L14_00393	60887	61858	972	+	1	1	1	0	1
AG-919-L14	query	AG-919-L14_NODE_5	63516	49	AG-919-L14_00394	61848	62255	408	-	1	1	1	0	1
AG-919-L14	query	AG-919-L14_NODE_6	59555	49	AG-919-L14_00396	86	685	600	+	1	1	1	0	1
AG-919-L14	query	AG-919-L14_NODE_6	59555	49	AG-919-L14_00415	13390	13590	201	-	1	1	1	0	1
AG-919-L14	query	AG-919-L14_NODE_6	59555	49	AG-919-L14_00417	13765	14487	723	-	1	1	1	0	1
AG-919-L14	query	AG-919-L14_NODE_6	59555	49	AG-919-L14_00419	14751	15092	342	+	1	1	1	0	1
AG-919-L14	query	AG-919-L14_NODE_6	59555	49	AG-919-L14_00420	15092	15331	240	+	1	1	1	0	1
AG-919-L14	query	AG-919-L14_NODE_6	59555	49	AG-919-L14_00421	15331	17010	1680	+	1	1	1	0	1
AG-919-L14	query	AG-919-L14_NODE_6	59555	49	AG-919-L14_00422	17032	17880	849	+	1	1	1	0	1
AG-919-L14	query	AG-919-L14_NODE_6	59555	49	AG-919-L14_00423	17877	18566	690	+	1	1	1	0	1
AG-919-L14	query	AG-919-L14_NODE_6	59555	49	AG-919-L14_00424	18569	19396	828	+	1	1	1	0	1
AG-919-L14	query	AG-919-L14_NODE_6	59555	49	AG-919-L14_00425	19399	20556	1158	+	1	1	1	0	1
AG-919-L14	query	AG-919-L14_NODE_6	59555	49	AG-919-L14_00426	20553	21476	924	+	1	1	1	0	1
AG-919-L14	query	AG-919-L14_NODE_6	59555	49	AG-919-L14_00427	21507	22001	495	+	1	1	1	0	1
AG-919-L14	query	AG-919-L14_NODE_6	59555	49	AG-919-L14_00428	21981	22721	741	-	1	1	1	0	1
AG-919-L14	query	AG-919-L14_NODE_6	59555	49	AG-919-L14_00429	22714	23625	912	-	1	1	1	0	1
AG-919-L14	query	AG-919-L14_NODE_6	59555	49	AG-919-L14_00430	23649	24170	522	-	1	1	1	0	1
AG-919-L14	query	AG-919-L14_NODE_6	59555	49	AG-919-L14_00431	24192	25967	1776	-	1	1	1	0	1
AG-919-L14	query	AG-919-L14_NODE_6	59555	49	AG-919-L14_00432	25942	26121	180	-	1	1	1	0	1
AG-919-L14	query	AG-919-L14_NODE_6	59555	49	AG-919-L14_00433	26179	26682	504	+	1	1	1	0	1
AG-919-L14	query	AG-919-L14_NODE_6	59555	49	AG-919-L14_00434	26679	27785	1107	+	1	1	1	0	1
AG-919-L14	query	AG-919-L14_NODE_6	59555	49	AG-919-L14_00435	27774	28034	261	-	1	1	1	0	1
AG-919-L14	query	AG-919-L14_NODE_6	59555	49	AG-919-L14_00436	28053	28586	534	+	1	1	1	0	1
AG-919-L14	query	AG-919-L14_NODE_6	59555	49	AG-919-L14_00437	28570	29544	975	+	1	1	1	0	1
AG-919-L14	query	AG-919-L14_NODE_6	59555	49	AG-919-L14_00438	29545	31344	1800	+	1	1	1	0	1
AG-919-L14	query	AG-919-L14_NODE_6	59555	49	AG-919-L14_00439	31341	32609	1269	-	1	1	1	0	1
AG-919-L14	query	AG-919-L14_NODE_6	59555	49	AG-919-L14_00440	32612	34672	2061	-	1	1	1	0	1
AG-919-L14	query	AG-919-L14_NODE_6	59555	49	AG-919-L14_00442	34886	35560	675	-	1	1	1	0	1
AG-919-L14	query	AG-919-L14_NODE_6	59555	49	AG-919-L14_00443	35596	36540	945	+	1	1	1	0	1
AG-919-L14	query	AG-919-L14_NODE_6	59555	49	AG-919-L14_00444	36533	37339	807	-	1	1	1	0	1
AG-919-L14	query	AG-919-L14_NODE_6	59555	49	AG-919-L14_00445	37336	39144	1809	-	1	1	1	0	1
AG-919-L14	query	AG-919-L14_NODE_6	59555	49	AG-919-L14_00446	39152	41557	2406	-	1	1	1	0	1
AG-919-L14	query	AG-919-L14_NODE_6	59555	49	AG-919-L14_00447	41554	42621	1068	-	1	1	1	0	1
AG-919-L14	query	AG-919-L14_NODE_6	59555	49	AG-919-L14_00448	42665	43021	357	-	1	1	1	0	1
AG-919-L14	query	AG-919-L14_NODE_6	59555	49	AG-919-L14_00449	43023	43229	207	-	1	1	1	0	1
AG-919-L14	query	AG-919-L14_NODE_6	59555	49	AG-919-L14_00450	43283	43828	546	-	1	1	1	0	1
AG-919-L14	query	AG-919-L14_NODE_6	59555	49	AG-919-L14_00451	43829	45751	1923	-	1	1	1	0	1
AG-919-L14	query	AG-919-L14_NODE_6	59555	49	AG-919-L14_00452	45752	46906	1155	-	1	1	1	0	1
AG-919-L14	query	AG-919-L14_NODE_6	59555	49	AG-919-L14_00453	46949	47695	747	+	1	1	1	0	1
AG-919-L14	query	AG-919-L14_NODE_6	59555	49	AG-919-L14_00454	47688	52193	4506	-	1	1	1	0	1
AG-919-L14	query	AG-919-L14_NODE_6	59555	49	AG-919-L14_00455	52193	53632	1440	-	1	1	1	0	1
AG-919-L14	query	AG-919-L14_NODE_6	59555	49	AG-919-L14_00456	53817	54584	768	+	1	1	1	0	1
AG-919-L14	query	AG-919-L14_NODE_6	59555	49	AG-919-L14_00457	54581	55471	891	-	1	1	1	0	1
AG-919-L14	query	AG-919-L14_NODE_6	59555	49	AG-919-L14_00458	55476	56750	1275	-	1	1	1	0	1
AG-919-L14	query	AG-919-L14_NODE_6	59555	49	AG-919-L14_00459	56752	59286	2535	-	1	1	1	0	1
AG-919-L14	query	AG-919-L14_NODE_7	56746	49	AG-919-L14_00461	188	1105	918	+	1	1	1	0	1
AG-919-L14	query	AG-919-L14_NODE_7	56746	49	AG-919-L14_00462	1102	1221	120	-	1	1	1	0	1
AG-919-L14	query	AG-919-L14_NODE_7	56746	49	AG-919-L14_00463	1370	2308	939	+	1	1	1	0	1
AG-919-L14	query	AG-919-L14_NODE_7	56746	49	AG-919-L14_00464	2305	2853	549	+	1	1	1	0	1
AG-919-L14	query	AG-919-L14_NODE_7	56746	49	AG-919-L14_00465	2855	3358	504	-	1	1	1	0	1
AG-919-L14	query	AG-919-L14_NODE_7	56746	49	AG-919-L14_00466	3355	3720	366	-	1	1	1	0	1
AG-919-L14	query	AG-919-L14_NODE_7	56746	49	AG-919-L14_00468	4068	4340	273	-	1	1	1	0	1
AG-919-L14	query	AG-919-L14_NODE_7	56746	49	AG-919-L14_00469	4342	5097	756	-	1	1	1	0	1
AG-919-L14	query	AG-919-L14_NODE_7	56746	49	AG-919-L14_00470	5090	5806	717	-	1	1	1	0	1
AG-919-L14	query	AG-919-L14_NODE_7	56746	49	AG-919-L14_00472	5952	6578	627	-	1	1	1	0	1
AG-919-L14	query	AG-919-L14_NODE_7	56746	49	AG-919-L14_00473	6584	7174	591	-	1	1	1	0	1
AG-919-L14	query	AG-919-L14_NODE_7	56746	49	AG-919-L14_00474	7266	7781	516	+	1	1	1	0	1
AG-919-L14	query	AG-919-L14_NODE_7	56746	49	AG-919-L14_00475	7781	9154	1374	+	1	1	1	0	1
AG-919-L14	query	AG-919-L14_NODE_7	56746	49	AG-919-L14_00478	10451	11047	597	-	1	1	1	0	1
AG-919-L14	query	AG-919-L14_NODE_7	56746	49	AG-919-L14_00481	11930	12595	666	-	1	1	1	0	1
AG-919-L14	query	AG-919-L14_NODE_7	56746	49	AG-919-L14_00482	12596	13165	570	-	1	1	1	0	1
AG-919-L14	query	AG-919-L14_NODE_7	56746	49	AG-919-L14_00483	13158	13952	795	-	1	1	1	0	1
AG-919-L14	query	AG-919-L14_NODE_7	56746	49	AG-919-L14_00484	13949	14533	585	-	1	1	1	0	1
AG-919-L14	query	AG-919-L14_NODE_7	56746	49	AG-919-L14_00485	14526	15350	825	-	1	1	1	0	1
AG-919-L14	query	AG-919-L14_NODE_7	56746	49	AG-919-L14_00486	15633	16634	1002	+	1	1	1	0	1
AG-919-L14	query	AG-919-L14_NODE_7	56746	49	AG-919-L14_00487	16634	17632	999	+	1	1	1	0	1
AG-919-L14	query	AG-919-L14_NODE_7	56746	49	AG-919-L14_00488	17636	18070	435	+	1	1	1	0	1
AG-919-L14	query	AG-919-L14_NODE_7	56746	49	AG-919-L14_00489	18133	19401	1269	+	1	1	1	0	1
AG-919-L14	query	AG-919-L14_NODE_7	56746	49	AG-919-L14_00490	19411	21093	1683	+	1	1	1	0	1
AG-919-L14	query	AG-919-L14_NODE_7	56746	49	AG-919-L14_00491	21138	22469	1332	+	1	1	1	0	1
AG-919-L14	query	AG-919-L14_NODE_7	56746	49	AG-919-L14_00492	22509	24380	1872	+	1	1	1	0	1
AG-919-L14	query	AG-919-L14_NODE_7	56746	49	AG-919-L14_00493	24380	25024	645	+	1	1	1	0	1
AG-919-L14	query	AG-919-L14_NODE_7	56746	49	AG-919-L14_00494	25024	25818	795	+	1	1	1	0	1
AG-919-L14	query	AG-919-L14_NODE_7	56746	49	AG-919-L14_00495	25818	26657	840	+	1	1	1	0	1
AG-919-L14	query	AG-919-L14_NODE_7	56746	49	AG-919-L14_00496	26647	27639	993	-	1	1	1	0	1
AG-919-L14	query	AG-919-L14_NODE_7	56746	49	AG-919-L14_00504	34140	34706	567	+	1	1	1	0	1
AG-919-L14	query	AG-919-L14_NODE_7	56746	49	AG-919-L14_00506	34794	35723	930	-	1	1	1	0	1
AG-919-L14	query	AG-919-L14_NODE_7	56746	49	AG-919-L14_00507	35725	36378	654	-	1	1	1	0	1
AG-919-L14	query	AG-919-L14_NODE_7	56746	49	AG-919-L14_00511	38514	39650	1137	-	1	1	1	0	1
AG-919-L14	query	AG-919-L14_NODE_7	56746	49	AG-919-L14_00512	39679	41604	1926	-	1	1	1	0	1
AG-919-L14	query	AG-919-L14_NODE_7	56746	49	AG-919-L14_00513	41665	42315	651	-	1	1	1	0	1
AG-919-L14	query	AG-919-L14_NODE_7	56746	49	AG-919-L14_00514	42352	42954	603	+	1	1	1	0	1
AG-919-L14	query	AG-919-L14_NODE_7	56746	49	AG-919-L14_00515	42938	44092	1155	-	1	1	1	0	1
AG-919-L14	query	AG-919-L14_NODE_7	56746	49	AG-919-L14_00516	44125	44988	864	+	1	1	1	0	1
AG-919-L14	query	AG-919-L14_NODE_7	56746	49	AG-919-L14_00517	44978	45571	594	+	1	1	1	0	1
AG-919-L14	query	AG-919-L14_NODE_7	56746	49	AG-919-L14_00518	45568	47853	2286	-	1	1	1	0	1
AG-919-L14	query	AG-919-L14_NODE_7	56746	49	AG-919-L14_00519	47904	49433	1530	+	1	1	1	0	1
AG-919-L14	query	AG-919-L14_NODE_7	56746	49	AG-919-L14_00520	49436	50437	1002	+	1	1	1	0	1
AG-919-L14	query	AG-919-L14_NODE_7	56746	49	AG-919-L14_00521	50490	51029	540	+	1	1	1	0	1
AG-919-L14	query	AG-919-L14_NODE_7	56746	49	AG-919-L14_00522	51030	52178	1149	+	1	1	1	0	1
AG-919-L14	query	AG-919-L14_NODE_7	56746	49	AG-919-L14_00523	52175	53182	1008	-	1	1	1	0	1
AG-919-L14	query	AG-919-L14_NODE_7	56746	49	AG-919-L14_00524	53184	53570	387	+	1	1	1	0	1
AG-919-L14	query	AG-919-L14_NODE_7	56746	49	AG-919-L14_00525	53579	54016	438	+	1	1	1	0	1
AG-919-L14	query	AG-919-L14_NODE_7	56746	49	AG-919-L14_00526	54009	55337	1329	+	1	1	1	0	1
AG-919-L14	query	AG-919-L14_NODE_7	56746	49	AG-919-L14_00527	55340	56341	1002	+	1	1	1	0	1
AG-919-L14	query	AG-919-L14_NODE_8	47953	49	AG-919-L14_00530	1925	2938	1014	+	1	1	1	0	1
AG-919-L14	query	AG-919-L14_NODE_8	47953	49	AG-919-L14_00533	4799	5740	942	+	1	1	1	0	1
AG-919-L14	query	AG-919-L14_NODE_8	47953	49	AG-919-L14_00537	8560	9648	1089	+	1	1	1	0	1
AG-919-L14	query	AG-919-L14_NODE_8	47953	49	AG-919-L14_00538	9652	9963	312	+	1	1	1	0	1
AG-919-L14	query	AG-919-L14_NODE_8	47953	49	AG-919-L14_00539	9960	11357	1398	+	1	1	1	0	1
AG-919-L14	query	AG-919-L14_NODE_8	47953	49	AG-919-L14_00541	12133	13428	1296	+	1	1	1	0	1
AG-919-L14	query	AG-919-L14_NODE_8	47953	49	AG-919-L14_00545	14697	14903	207	-	1	1	1	0	1
AG-919-L14	query	AG-919-L14_NODE_8	47953	49	AG-919-L14_00546	14971	15534	564	-	1	1	1	0	1
AG-919-L14	query	AG-919-L14_NODE_8	47953	49	AG-919-L14_00548	15800	16537	738	-	1	1	1	0	1
AG-919-L14	query	AG-919-L14_NODE_8	47953	49	AG-919-L14_00549	16541	17101	561	-	1	1	1	0	1
AG-919-L14	query	AG-919-L14_NODE_8	47953	49	AG-919-L14_00550	17098	17712	615	-	1	1	1	0	1
AG-919-L14	query	AG-919-L14_NODE_8	47953	49	AG-919-L14_00551	17702	18709	1008	-	1	1	1	0	1
AG-919-L14	query	AG-919-L14_NODE_8	47953	49	AG-919-L14_00552	18711	19889	1179	-	1	1	1	0	1
AG-919-L14	query	AG-919-L14_NODE_8	47953	49	AG-919-L14_00553	19889	20890	1002	-	1	1	1	0	1
AG-919-L14	query	AG-919-L14_NODE_8	47953	49	AG-919-L14_00554	20887	22818	1932	-	1	1	1	0	1
AG-919-L14	query	AG-919-L14_NODE_8	47953	49	AG-919-L14_00556	23185	23631	447	+	1	1	1	0	1
AG-919-L14	query	AG-919-L14_NODE_8	47953	49	AG-919-L14_00557	23639	24181	543	+	1	1	1	0	1
AG-919-L14	query	AG-919-L14_NODE_8	47953	49	AG-919-L14_00558	24178	24981	804	+	1	1	1	0	1
AG-919-L14	query	AG-919-L14_NODE_8	47953	49	AG-919-L14_00559	24989	25711	723	+	1	1	1	0	1
AG-919-L14	query	AG-919-L14_NODE_8	47953	49	AG-919-L14_00560	25715	26209	495	+	1	1	1	0	1
AG-919-L14	query	AG-919-L14_NODE_8	47953	49	AG-919-L14_00561	26260	26934	675	+	1	1	1	0	1
AG-919-L14	query	AG-919-L14_NODE_8	47953	49	AG-919-L14_00562	26936	27352	417	+	1	1	1	0	1
AG-919-L14	query	AG-919-L14_NODE_8	47953	49	AG-919-L14_00563	27356	28165	810	+	1	1	1	0	1
AG-919-L14	query	AG-919-L14_NODE_8	47953	49	AG-919-L14_00564	28175	29515	1341	+	1	1	1	0	1
AG-919-L14	query	AG-919-L14_NODE_8	47953	49	AG-919-L14_00565	29559	30080	522	+	1	1	1	0	1
AG-919-L14	query	AG-919-L14_NODE_8	47953	49	AG-919-L14_00566	30164	31159	996	+	1	1	1	0	1
AG-919-L14	query	AG-919-L14_NODE_8	47953	49	AG-919-L14_00567	31119	32147	1029	+	1	1	1	0	1
AG-919-L14	query	AG-919-L14_NODE_8	47953	49	AG-919-L14_00568	32210	34111	1902	+	1	1	1	0	1
AG-919-L14	query	AG-919-L14_NODE_8	47953	49	AG-919-L14_00569	34117	35169	1053	+	1	1	1	0	1
AG-919-L14	query	AG-919-L14_NODE_8	47953	49	AG-919-L14_00570	35169	36494	1326	+	1	1	1	0	1
AG-919-L14	query	AG-919-L14_NODE_8	47953	49	AG-919-L14_00571	36496	37311	816	+	1	1	1	0	1
AG-919-L14	query	AG-919-L14_NODE_8	47953	49	AG-919-L14_00572	37308	38600	1293	+	1	1	1	0	1
AG-919-L14	query	AG-919-L14_NODE_8	47953	49	AG-919-L14_00573	38597	39490	894	-	1	1	1	0	1
AG-919-L14	query	AG-919-L14_NODE_8	47953	49	AG-919-L14_00574	39531	40511	981	-	1	1	1	0	1
AG-919-L14	query	AG-919-L14_NODE_8	47953	49	AG-919-L14_00576	40613	41404	792	-	1	1	1	0	1
AG-919-L14	query	AG-919-L14_NODE_8	47953	49	AG-919-L14_00577	41401	42129	729	-	1	1	1	0	1
AG-919-L14	query	AG-919-L14_NODE_8	47953	49	AG-919-L14_00578	42113	43060	948	-	1	1	1	0	1
AG-919-L14	query	AG-919-L14_NODE_8	47953	49	AG-919-L14_00579	43081	43335	255	+	1	1	1	0	1
AG-919-L14	query	AG-919-L14_NODE_8	47953	49	AG-919-L14_00580	43316	44188	873	+	1	1	1	0	1
AG-919-L14	query	AG-919-L14_NODE_8	47953	49	AG-919-L14_00581	44185	46098	1914	+	1	1	1	0	1
AG-919-L14	query	AG-919-L14_NODE_8	47953	49	AG-919-L14_00582	46104	47186	1083	-	1	1	1	0	1
AG-919-L14	query	AG-919-L14_NODE_8	47953	49	AG-919-L14_00583	47220	47846	627	+	1	1	1	0	1
AG-919-L14	query	AG-919-L14_NODE_9	46864	49	AG-919-L14_00593	6795	8588	1794	-	1	1	1	0	1
AG-919-L14	query	AG-919-L14_NODE_9	46864	49	AG-919-L14_00594	8682	11018	2337	+	1	1	1	0	1
AG-919-L14	query	AG-919-L14_NODE_9	46864	49	AG-919-L14_00595	11208	12110	903	+	1	1	1	0	1
AG-919-L14	query	AG-919-L14_NODE_9	46864	49	AG-919-L14_00596	12110	14296	2187	+	1	1	1	0	1
AG-919-L14	query	AG-919-L14_NODE_9	46864	49	AG-919-L14_00597	14293	15522	1230	-	1	1	1	0	1
AG-919-L14	query	AG-919-L14_NODE_9	46864	49	AG-919-L14_00598	15570	16715	1146	+	1	1	1	0	1
AG-919-L14	query	AG-919-L14_NODE_9	46864	49	AG-919-L14_00599	16712	17368	657	-	1	1	1	0	1
AG-919-L14	query	AG-919-L14_NODE_9	46864	49	AG-919-L14_00600	17503	17928	426	+	1	1	1	0	1
AG-919-L14	query	AG-919-L14_NODE_9	46864	49	AG-919-L14_00601	17930	19372	1443	+	1	1	1	0	1
AG-919-L14	query	AG-919-L14_NODE_9	46864	49	AG-919-L14_00602	19372	20106	735	+	1	1	1	0	1
AG-919-L14	query	AG-919-L14_NODE_9	46864	49	AG-919-L14_00603	20107	21354	1248	+	1	1	1	0	1
AG-919-L14	query	AG-919-L14_NODE_9	46864	49	AG-919-L14_00604	21351	22571	1221	+	1	1	1	0	1
AG-919-L14	query	AG-919-L14_NODE_9	46864	49	AG-919-L14_00605	22568	23032	465	+	1	1	1	0	1
AG-919-L14	query	AG-919-L14_NODE_9	46864	49	AG-919-L14_00606	23037	23333	297	+	1	1	1	0	1
AG-919-L14	query	AG-919-L14_NODE_9	46864	49	AG-919-L14_00607	23333	23668	336	+	1	1	1	0	1
AG-919-L14	query	AG-919-L14_NODE_9	46864	49	AG-919-L14_00608	23735	23905	171	+	1	1	1	0	1
AG-919-L14	query	AG-919-L14_NODE_9	46864	49	AG-919-L14_00609	23909	25315	1407	-	1	1	1	0	1
AG-919-L14	query	AG-919-L14_NODE_9	46864	49	AG-919-L14_00610	25457	25936	480	+	1	1	1	0	1
AG-919-L14	query	AG-919-L14_NODE_9	46864	49	AG-919-L14_00611	25933	26832	900	+	1	1	1	0	1
AG-919-L14	query	AG-919-L14_NODE_9	46864	49	AG-919-L14_00612	26940	28469	1530	+	1	1	1	0	1
AG-919-L14	query	AG-919-L14_NODE_9	46864	49	AG-919-L14_00613	28504	28875	372	+	1	1	1	0	1
AG-919-L14	query	AG-919-L14_NODE_9	46864	49	AG-919-L14_00614	28888	29358	471	+	1	1	1	0	1
AG-919-L14	query	AG-919-L14_NODE_9	46864	49	AG-919-L14_00615	29401	29727	327	-	1	1	1	0	1
AG-919-L14	query	AG-919-L14_NODE_9	46864	49	AG-919-L14_00616	29796	30590	795	-	1	1	1	0	1
AG-919-L14	query	AG-919-L14_NODE_9	46864	49	AG-919-L14_00617	30590	31717	1128	-	1	1	1	0	1
AG-919-L14	query	AG-919-L14_NODE_9	46864	49	AG-919-L14_00618	31790	32713	924	-	1	1	1	0	1
AG-919-L14	query	AG-919-L14_NODE_9	46864	49	AG-919-L14_00619	32815	33816	1002	-	1	1	1	0	1
AG-919-L14	query	AG-919-L14_NODE_9	46864	49	AG-919-L14_00620	33861	34763	903	+	1	1	1	0	1
AG-919-L14	query	AG-919-L14_NODE_9	46864	49	AG-919-L14_00621	34764	35264	501	-	1	1	1	0	1
AG-919-L14	query	AG-919-L14_NODE_9	46864	49	AG-919-L14_00622	35267	36232	966	-	1	1	1	0	1
AG-919-L14	query	AG-919-L14_NODE_9	46864	49	AG-919-L14_00623	36239	37006	768	-	1	1	1	0	1
AG-919-L14	query	AG-919-L14_NODE_9	46864	49	AG-919-L14_00624	37032	38474	1443	-	1	1	1	0	1
AG-919-L14	query	AG-919-L14_NODE_9	46864	49	AG-919-L14_00625	38529	40373	1845	+	1	1	1	0	1
AG-919-L14	query	AG-919-L14_NODE_9	46864	49	AG-919-L14_00626	40379	41539	1161	+	1	1	1	0	1
AG-919-L14	query	AG-919-L14_NODE_9	46864	49	AG-919-L14_00627	41543	42445	903	+	1	1	1	0	1
AG-919-L14	query	AG-919-L14_NODE_9	46864	49	AG-919-L14_00628	42507	43355	849	+	1	1	1	0	1
AG-919-L14	query	AG-919-L14_NODE_9	46864	49	AG-919-L14_00629	43375	44082	708	+	1	1	1	0	1
AG-919-L14	query	AG-919-L14_NODE_9	46864	49	AG-919-L14_00630	44089	44673	585	+	1	1	1	0	1
AG-919-L14	query	AG-919-L14_NODE_9	46864	49	AG-919-L14_00631	44808	46253	1446	+	1	1	1	0	1
AG-919-L14	query	AG-919-L14_NODE_9	46864	49	AG-919-L14_00632	46336	46506	171	-	1	1	1	0	1
