# invocation: /drive1/asapci/GORG-gdiff-analysis/bin/gdiff-x86 dist selected_coord_sketches/AG-414-O11.gdsk selected_coord_sketches/AG-917-P07.gdsk --output-samples -o gene_coords/gdiff_gene_distances/AG-414-O11_AG-917-P07.tsv
# version: gdiff v0.2.0-rc Mon Sep 21 19:33:10 2026
config	genome_a	genome_b	seq	start	end	strand	direction	d	lr_ub
gdiff	AG-414-O11_contigs.fasta	AG-917-P07_contigs.fasta	AG-414-O11_AG-414-O11_NODE_1	646	1167	.	ab	0.011244	448.63
gdiff	AG-414-O11_contigs.fasta	AG-917-P07_contigs.fasta	AG-414-O11_AG-414-O11_NODE_1	814	1335	.	ab	0.010984	450.1
gdiff	AG-414-O11_contigs.fasta	AG-917-P07_contigs.fasta	AG-414-O11_AG-414-O11_NODE_1	1997	2518	.	ab	0.015741	424.39
gdiff	AG-414-O11_contigs.fasta	AG-917-P07_contigs.fasta	AG-414-O11_AG-414-O11_NODE_1	2078	2599	.	ab	0.020957	398.45
gdiff	AG-414-O11_contigs.fasta	AG-917-P07_contigs.fasta	AG-414-O11_AG-414-O11_NODE_1	3945	4466	.	ab	0.050149	282.2
gdiff	AG-414-O11_contigs.fasta	AG-917-P07_contigs.fasta	AG-414-O11_AG-414-O11_NODE_1	4041	4562	.	ab	0.054041	269.49
gdiff	AG-414-O11_contigs.fasta	AG-917-P07_contigs.fasta	AG-414-O11_AG-414-O11_NODE_1	4391	4912	.	ab	0.097689	157.11
gdiff	AG-414-O11_contigs.fasta	AG-917-P07_contigs.fasta	AG-414-O11_AG-414-O11_NODE_1	5236	5757	.	ab	0.019387	406.04
gdiff	AG-414-O11_contigs.fasta	AG-917-P07_contigs.fasta	AG-414-O11_AG-414-O11_NODE_1	5557	6078	.	ab	0.01117	449.05
gdiff	AG-414-O11_contigs.fasta	AG-917-P07_contigs.fasta	AG-414-O11_AG-414-O11_NODE_1	6622	7143	.	ab	0.0045698	489.56
gdiff	AG-414-O11_contigs.fasta	AG-917-P07_contigs.fasta	AG-414-O11_AG-414-O11_NODE_1	6867	7388	.	ab	4.7832e-08	584.64
gdiff	AG-414-O11_contigs.fasta	AG-917-P07_contigs.fasta	AG-414-O11_AG-414-O11_NODE_1	7939	8460	.	ab	0.016409	420.94
gdiff	AG-414-O11_contigs.fasta	AG-917-P07_contigs.fasta	AG-414-O11_AG-414-O11_NODE_1	7981	8502	.	ab	0.021726	394.79
gdiff	AG-414-O11_contigs.fasta	AG-917-P07_contigs.fasta	AG-414-O11_AG-414-O11_NODE_1	8569	9090	.	ab	0.020846	398.98
gdiff	AG-414-O11_contigs.fasta	AG-917-P07_contigs.fasta	AG-414-O11_AG-414-O11_NODE_1	9348	9869	.	ab	0.023912	384.61
gdiff	AG-414-O11_contigs.fasta	AG-917-P07_contigs.fasta	AG-414-O11_AG-414-O11_NODE_1	10246	10767	.	ab	0.0379	326.01
gdiff	AG-414-O11_contigs.fasta	AG-917-P07_contigs.fasta	AG-414-O11_AG-414-O11_NODE_1	11844	12365	.	ab	0.0019691	509.36
gdiff	AG-414-O11_contigs.fasta	AG-917-P07_contigs.fasta	AG-414-O11_AG-414-O11_NODE_1	11952	12473	.	ab	0.0079359	467.93
gdiff	AG-414-O11_contigs.fasta	AG-917-P07_contigs.fasta	AG-414-O11_AG-414-O11_NODE_1	12772	13293	.	ab	0.0064331	477.27
gdiff	AG-414-O11_contigs.fasta	AG-917-P07_contigs.fasta	AG-414-O11_AG-414-O11_NODE_1	13443	13964	.	ab	0.0050191	486.51
gdiff	AG-414-O11_contigs.fasta	AG-917-P07_contigs.fasta	AG-414-O11_AG-414-O11_NODE_1	17642	18163	.	ab	0.005808	481.29
gdiff	AG-414-O11_contigs.fasta	AG-917-P07_contigs.fasta	AG-414-O11_AG-414-O11_NODE_1	18658	19179	.	ab	0.0078146	468.67
gdiff	AG-414-O11_contigs.fasta	AG-917-P07_contigs.fasta	AG-414-O11_AG-414-O11_NODE_1	19993	20514	.	ab	0.0010486	518.49
gdiff	AG-414-O11_contigs.fasta	AG-917-P07_contigs.fasta	AG-414-O11_AG-414-O11_NODE_1	20933	21454	.	ab	0.0088503	462.45
gdiff	AG-414-O11_contigs.fasta	AG-917-P07_contigs.fasta	AG-414-O11_AG-414-O11_NODE_1	21668	22189	.	ab	0.0067133	475.49
gdiff	AG-414-O11_contigs.fasta	AG-917-P07_contigs.fasta	AG-414-O11_AG-414-O11_NODE_1	21930	22451	.	ab	0.0058167	481.23
gdiff	AG-414-O11_contigs.fasta	AG-917-P07_contigs.fasta	AG-414-O11_AG-414-O11_NODE_1	22038	22559	.	ab	0.012299	442.76
gdiff	AG-414-O11_contigs.fasta	AG-917-P07_contigs.fasta	AG-414-O11_AG-414-O11_NODE_1	24241	24762	.	ab	0.024169	383.44
gdiff	AG-414-O11_contigs.fasta	AG-917-P07_contigs.fasta	AG-414-O11_AG-414-O11_NODE_1	26580	27101	.	ab	0.024944	379.92
gdiff	AG-414-O11_contigs.fasta	AG-917-P07_contigs.fasta	AG-414-O11_AG-414-O11_NODE_1	27436	27957	.	ab	0.017101	417.42
gdiff	AG-414-O11_contigs.fasta	AG-917-P07_contigs.fasta	AG-414-O11_AG-414-O11_NODE_1	27499	28020	.	ab	0.016313	421.44
gdiff	AG-414-O11_contigs.fasta	AG-917-P07_contigs.fasta	AG-414-O11_AG-414-O11_NODE_1	27670	28191	.	ab	0.010305	453.96
gdiff	AG-414-O11_contigs.fasta	AG-917-P07_contigs.fasta	AG-414-O11_AG-414-O11_NODE_1	28330	28851	.	ab	0.018866	408.6
gdiff	AG-414-O11_contigs.fasta	AG-917-P07_contigs.fasta	AG-414-O11_AG-414-O11_NODE_1	29446	29967	.	ab	4.7832e-08	584.64
gdiff	AG-414-O11_contigs.fasta	AG-917-P07_contigs.fasta	AG-414-O11_AG-414-O11_NODE_1	30527	31048	.	ab	4.7832e-08	584.64
gdiff	AG-414-O11_contigs.fasta	AG-917-P07_contigs.fasta	AG-414-O11_AG-414-O11_NODE_1	31464	31985	.	ab	0.0049214	487.17
gdiff	AG-414-O11_contigs.fasta	AG-917-P07_contigs.fasta	AG-414-O11_AG-414-O11_NODE_1	32788	33309	.	ab	0.0022217	507.18
gdiff	AG-414-O11_contigs.fasta	AG-917-P07_contigs.fasta	AG-414-O11_AG-414-O11_NODE_1	34762	35283	.	ab	0.0086346	463.73
gdiff	AG-414-O11_contigs.fasta	AG-917-P07_contigs.fasta	AG-414-O11_AG-414-O11_NODE_1	35536	36057	.	ab	0.015572	425.26
gdiff	AG-414-O11_contigs.fasta	AG-917-P07_contigs.fasta	AG-414-O11_AG-414-O11_NODE_1	37000	37521	.	ab	0.0046096	489.29
gdiff	AG-414-O11_contigs.fasta	AG-917-P07_contigs.fasta	AG-414-O11_AG-414-O11_NODE_1	38309	38830	.	ab	0.024451	382.15
gdiff	AG-414-O11_contigs.fasta	AG-917-P07_contigs.fasta	AG-414-O11_AG-414-O11_NODE_1	38525	39046	.	ab	0.021562	395.56
gdiff	AG-414-O11_contigs.fasta	AG-917-P07_contigs.fasta	AG-414-O11_AG-414-O11_NODE_1	40445	40966	.	ab	0.00073072	522.52
gdiff	AG-414-O11_contigs.fasta	AG-917-P07_contigs.fasta	AG-414-O11_AG-414-O11_NODE_1	40736	41257	.	ab	0.0080196	467.43
gdiff	AG-414-O11_contigs.fasta	AG-917-P07_contigs.fasta	AG-414-O11_AG-414-O11_NODE_1	40963	41484	.	ab	0.012861	439.68
gdiff	AG-414-O11_contigs.fasta	AG-917-P07_contigs.fasta	AG-414-O11_AG-414-O11_NODE_1	42771	43292	.	ab	0.0076633	469.6
gdiff	AG-414-O11_contigs.fasta	AG-917-P07_contigs.fasta	AG-414-O11_AG-414-O11_NODE_1	43719	44240	.	ab	0.0018851	510.11
gdiff	AG-414-O11_contigs.fasta	AG-917-P07_contigs.fasta	AG-414-O11_AG-414-O11_NODE_1	44159	44680	.	ab	0.023507	386.47
gdiff	AG-414-O11_contigs.fasta	AG-917-P07_contigs.fasta	AG-414-O11_AG-414-O11_NODE_1	46143	46664	.	ab	0.0055212	483.17
gdiff	AG-414-O11_contigs.fasta	AG-917-P07_contigs.fasta	AG-414-O11_AG-414-O11_NODE_1	46250	46771	.	ab	0.0082424	466.08
gdiff	AG-414-O11_contigs.fasta	AG-917-P07_contigs.fasta	AG-414-O11_AG-414-O11_NODE_1	46444	46965	.	ab	0.020305	401.57
gdiff	AG-414-O11_contigs.fasta	AG-917-P07_contigs.fasta	AG-414-O11_AG-414-O11_NODE_1	52670	53191	.	ab	0.013466	436.4
gdiff	AG-414-O11_contigs.fasta	AG-917-P07_contigs.fasta	AG-414-O11_AG-414-O11_NODE_1	52958	53479	.	ab	0.01303	438.76
gdiff	AG-414-O11_contigs.fasta	AG-917-P07_contigs.fasta	AG-414-O11_AG-414-O11_NODE_1	53220	53741	.	ab	0.0095877	458.11
gdiff	AG-414-O11_contigs.fasta	AG-917-P07_contigs.fasta	AG-414-O11_AG-414-O11_NODE_1	56020	56541	.	ab	0.0081617	466.57
gdiff	AG-414-O11_contigs.fasta	AG-917-P07_contigs.fasta	AG-414-O11_AG-414-O11_NODE_1	56108	56629	.	ab	0.015672	424.74
gdiff	AG-414-O11_contigs.fasta	AG-917-P07_contigs.fasta	AG-414-O11_AG-414-O11_NODE_1	56176	56697	.	ab	0.024588	381.53
gdiff	AG-414-O11_contigs.fasta	AG-917-P07_contigs.fasta	AG-414-O11_AG-414-O11_NODE_1	56677	57198	.	ab	0.014719	429.73
gdiff	AG-414-O11_contigs.fasta	AG-917-P07_contigs.fasta	AG-414-O11_AG-414-O11_NODE_1	57222	57743	.	ab	0.0049013	487.3
gdiff	AG-414-O11_contigs.fasta	AG-917-P07_contigs.fasta	AG-414-O11_AG-414-O11_NODE_1	58911	59432	.	ab	0.0075699	470.17
gdiff	AG-414-O11_contigs.fasta	AG-917-P07_contigs.fasta	AG-414-O11_AG-414-O11_NODE_1	59159	59680	.	ab	0.0087166	463.24
gdiff	AG-414-O11_contigs.fasta	AG-917-P07_contigs.fasta	AG-414-O11_AG-414-O11_NODE_1	59308	59829	.	ab	0.0033524	498.26
gdiff	AG-414-O11_contigs.fasta	AG-917-P07_contigs.fasta	AG-414-O11_AG-414-O11_NODE_1	59803	60324	.	ab	0.032068	349.19
gdiff	AG-414-O11_contigs.fasta	AG-917-P07_contigs.fasta	AG-414-O11_AG-414-O11_NODE_1	60212	60733	.	ab	0.012924	439.34
gdiff	AG-414-O11_contigs.fasta	AG-917-P07_contigs.fasta	AG-414-O11_AG-414-O11_NODE_1	60914	61435	.	ab	0.020314	401.53
gdiff	AG-414-O11_contigs.fasta	AG-917-P07_contigs.fasta	AG-414-O11_AG-414-O11_NODE_1	61516	62037	.	ab	0.015957	423.27
gdiff	AG-414-O11_contigs.fasta	AG-917-P07_contigs.fasta	AG-414-O11_AG-414-O11_NODE_1	64951	65472	.	ab	0.02145	396.1
gdiff	AG-414-O11_contigs.fasta	AG-917-P07_contigs.fasta	AG-414-O11_AG-414-O11_NODE_1	66769	67290	.	ab	0.015691	424.65
gdiff	AG-414-O11_contigs.fasta	AG-917-P07_contigs.fasta	AG-414-O11_AG-414-O11_NODE_1	66895	67416	.	ab	0.015672	424.74
gdiff	AG-414-O11_contigs.fasta	AG-917-P07_contigs.fasta	AG-414-O11_AG-414-O11_NODE_1	68123	68644	.	ab	0.022524	391.04
gdiff	AG-414-O11_contigs.fasta	AG-917-P07_contigs.fasta	AG-414-O11_AG-414-O11_NODE_1	71451	71972	.	ab	0.028012	366.33
gdiff	AG-414-O11_contigs.fasta	AG-917-P07_contigs.fasta	AG-414-O11_AG-414-O11_NODE_1	73410	73931	.	ab	0.010787	451.21
gdiff	AG-414-O11_contigs.fasta	AG-917-P07_contigs.fasta	AG-414-O11_AG-414-O11_NODE_1	73939	74460	.	ab	0.0050634	486.21
gdiff	AG-414-O11_contigs.fasta	AG-917-P07_contigs.fasta	AG-414-O11_AG-414-O11_NODE_1	74180	74701	.	ab	0.0054129	483.88
gdiff	AG-414-O11_contigs.fasta	AG-917-P07_contigs.fasta	AG-414-O11_AG-414-O11_NODE_1	76665	77186	.	ab	0.007812	468.69
gdiff	AG-414-O11_contigs.fasta	AG-917-P07_contigs.fasta	AG-414-O11_AG-414-O11_NODE_1	78644	79165	.	ab	0.006866	474.53
gdiff	AG-414-O11_contigs.fasta	AG-917-P07_contigs.fasta	AG-414-O11_AG-414-O11_NODE_1	79994	80515	.	ab	0.0035838	496.55
gdiff	AG-414-O11_contigs.fasta	AG-917-P07_contigs.fasta	AG-414-O11_AG-414-O11_NODE_1	80763	81284	.	ab	0.038968	321.94
gdiff	AG-414-O11_contigs.fasta	AG-917-P07_contigs.fasta	AG-414-O11_AG-414-O11_NODE_1	81387	81908	.	ab	0.0025662	504.34
gdiff	AG-414-O11_contigs.fasta	AG-917-P07_contigs.fasta	AG-414-O11_AG-414-O11_NODE_1	81501	82022	.	ab	0.0041452	492.52
gdiff	AG-414-O11_contigs.fasta	AG-917-P07_contigs.fasta	AG-414-O11_AG-414-O11_NODE_1	82035	82556	.	ab	0.017208	416.87
gdiff	AG-414-O11_contigs.fasta	AG-917-P07_contigs.fasta	AG-414-O11_AG-414-O11_NODE_1	83475	83996	.	ab	0.014773	429.44
gdiff	AG-414-O11_contigs.fasta	AG-917-P07_contigs.fasta	AG-414-O11_AG-414-O11_NODE_1	83668	84189	.	ab	0.0099991	455.72
gdiff	AG-414-O11_contigs.fasta	AG-917-P07_contigs.fasta	AG-414-O11_AG-414-O11_NODE_1	85175	85696	.	ab	0.002816	502.35
gdiff	AG-414-O11_contigs.fasta	AG-917-P07_contigs.fasta	AG-414-O11_AG-414-O11_NODE_1	87109	87630	.	ab	0.0075113	470.53
gdiff	AG-414-O11_contigs.fasta	AG-917-P07_contigs.fasta	AG-414-O11_AG-414-O11_NODE_1	91099	91620	.	ab	4.7832e-08	584.64
gdiff	AG-414-O11_contigs.fasta	AG-917-P07_contigs.fasta	AG-414-O11_AG-414-O11_NODE_1	93236	93757	.	ab	0.31692	0.73798
gdiff	AG-414-O11_contigs.fasta	AG-917-P07_contigs.fasta	AG-414-O11_AG-414-O11_NODE_1	94194	94715	.	ab	nan	nan
gdiff	AG-414-O11_contigs.fasta	AG-917-P07_contigs.fasta	AG-414-O11_AG-414-O11_NODE_1	95711	96232	.	ab	0.34998	0
gdiff	AG-414-O11_contigs.fasta	AG-917-P07_contigs.fasta	AG-414-O11_AG-414-O11_NODE_1	95875	96396	.	ab	nan	nan
gdiff	AG-414-O11_contigs.fasta	AG-917-P07_contigs.fasta	AG-414-O11_AG-414-O11_NODE_1	96861	97382	.	ab	0.34998	0
gdiff	AG-414-O11_contigs.fasta	AG-917-P07_contigs.fasta	AG-414-O11_AG-414-O11_NODE_1	98626	99147	.	ab	0.27107	5.5689
gdiff	AG-414-O11_contigs.fasta	AG-917-P07_contigs.fasta	AG-414-O11_AG-414-O11_NODE_1	101205	101726	.	ab	0.028294	365.11
gdiff	AG-414-O11_contigs.fasta	AG-917-P07_contigs.fasta	AG-414-O11_AG-414-O11_NODE_1	102350	102871	.	ab	0.00339	497.98
gdiff	AG-414-O11_contigs.fasta	AG-917-P07_contigs.fasta	AG-414-O11_AG-414-O11_NODE_1	104170	104691	.	ab	0.0031189	500.02
gdiff	AG-414-O11_contigs.fasta	AG-917-P07_contigs.fasta	AG-414-O11_AG-414-O11_NODE_1	105290	105811	.	ab	0.006711	475.51
gdiff	AG-414-O11_contigs.fasta	AG-917-P07_contigs.fasta	AG-414-O11_AG-414-O11_NODE_1	105666	106187	.	ab	0.04449	301.69
gdiff	AG-414-O11_contigs.fasta	AG-917-P07_contigs.fasta	AG-414-O11_AG-414-O11_NODE_1	105929	106450	.	ab	0.04463	301.19
gdiff	AG-414-O11_contigs.fasta	AG-917-P07_contigs.fasta	AG-414-O11_AG-414-O11_NODE_1	106147	106668	.	ab	0.07008	222.29
gdiff	AG-414-O11_contigs.fasta	AG-917-P07_contigs.fasta	AG-414-O11_AG-414-O11_NODE_1	106495	107016	.	ab	0.025365	378.02
gdiff	AG-414-O11_contigs.fasta	AG-917-P07_contigs.fasta	AG-414-O11_AG-414-O11_NODE_1	107690	108211	.	ab	0.020068	402.72
gdiff	AG-414-O11_contigs.fasta	AG-917-P07_contigs.fasta	AG-414-O11_AG-414-O11_NODE_1	112151	112672	.	ab	0.0024337	505.42
gdiff	AG-414-O11_contigs.fasta	AG-917-P07_contigs.fasta	AG-414-O11_AG-414-O11_NODE_1	112361	112882	.	ab	0.0040339	493.31
gdiff	AG-414-O11_contigs.fasta	AG-917-P07_contigs.fasta	AG-414-O11_AG-414-O11_NODE_1	112523	113044	.	ab	0.0022072	507.3
gdiff	AG-414-O11_contigs.fasta	AG-917-P07_contigs.fasta	AG-414-O11_AG-414-O11_NODE_1	114631	115152	.	ab	0.0049669	486.86
gdiff	AG-414-O11_contigs.fasta	AG-917-P07_contigs.fasta	AG-414-O11_AG-414-O11_NODE_1	120693	121214	.	ab	0.014326	431.81
gdiff	AG-414-O11_contigs.fasta	AG-917-P07_contigs.fasta	AG-414-O11_AG-414-O11_NODE_1	121341	121862	.	ab	0.0031822	499.54
gdiff	AG-414-O11_contigs.fasta	AG-917-P07_contigs.fasta	AG-414-O11_AG-414-O11_NODE_1	121761	122282	.	ab	0.0070447	473.42
gdiff	AG-414-O11_contigs.fasta	AG-917-P07_contigs.fasta	AG-414-O11_AG-414-O11_NODE_1	122409	122930	.	ab	0.0069639	473.92
gdiff	AG-414-O11_contigs.fasta	AG-917-P07_contigs.fasta	AG-414-O11_AG-414-O11_NODE_1	122485	123006	.	ab	0.0050724	486.15
gdiff	AG-414-O11_contigs.fasta	AG-917-P07_contigs.fasta	AG-414-O11_AG-414-O11_NODE_1	126938	127459	.	ab	0.031125	353.1
gdiff	AG-414-O11_contigs.fasta	AG-917-P07_contigs.fasta	AG-414-O11_AG-414-O11_NODE_1	127398	127919	.	ab	0.026249	374.07
gdiff	AG-414-O11_contigs.fasta	AG-917-P07_contigs.fasta	AG-414-O11_AG-414-O11_NODE_1	127562	128083	.	ab	0.041917	310.96
gdiff	AG-414-O11_contigs.fasta	AG-917-P07_contigs.fasta	AG-414-O11_AG-414-O11_NODE_1	128087	128608	.	ab	0.042913	307.34
gdiff	AG-414-O11_contigs.fasta	AG-917-P07_contigs.fasta	AG-414-O11_AG-414-O11_NODE_1	129856	130377	.	ab	0.021513	395.8
gdiff	AG-414-O11_contigs.fasta	AG-917-P07_contigs.fasta	AG-414-O11_AG-414-O11_NODE_1	130671	131192	.	ab	0.021058	397.96
gdiff	AG-414-O11_contigs.fasta	AG-917-P07_contigs.fasta	AG-414-O11_AG-414-O11_NODE_1	131730	132251	.	ab	0.026965	370.91
gdiff	AG-414-O11_contigs.fasta	AG-917-P07_contigs.fasta	AG-414-O11_AG-414-O11_NODE_1	133272	133793	.	ab	0.026169	374.43
gdiff	AG-414-O11_contigs.fasta	AG-917-P07_contigs.fasta	AG-414-O11_AG-414-O11_NODE_1	133318	133839	.	ab	0.025842	375.88
gdiff	AG-414-O11_contigs.fasta	AG-917-P07_contigs.fasta	AG-414-O11_AG-414-O11_NODE_1	135206	135727	.	ab	0.057413	258.9
gdiff	AG-414-O11_contigs.fasta	AG-917-P07_contigs.fasta	AG-414-O11_AG-414-O11_NODE_1	136121	136642	.	ab	0.031863	350.04
gdiff	AG-414-O11_contigs.fasta	AG-917-P07_contigs.fasta	AG-414-O11_AG-414-O11_NODE_1	136606	137127	.	ab	0.088358	177.15
gdiff	AG-414-O11_contigs.fasta	AG-917-P07_contigs.fasta	AG-414-O11_AG-414-O11_NODE_1	137405	137926	.	ab	0.013943	433.84
gdiff	AG-414-O11_contigs.fasta	AG-917-P07_contigs.fasta	AG-414-O11_AG-414-O11_NODE_1	139084	139605	.	ab	0.020844	398.99
gdiff	AG-414-O11_contigs.fasta	AG-917-P07_contigs.fasta	AG-414-O11_AG-414-O11_NODE_1	140868	141389	.	ab	0.015292	426.72
gdiff	AG-414-O11_contigs.fasta	AG-917-P07_contigs.fasta	AG-414-O11_AG-414-O11_NODE_1	141661	142182	.	ab	0.0080523	467.23
gdiff	AG-414-O11_contigs.fasta	AG-917-P07_contigs.fasta	AG-414-O11_AG-414-O11_NODE_1	141687	142208	.	ab	0.0082181	466.23
gdiff	AG-414-O11_contigs.fasta	AG-917-P07_contigs.fasta	AG-414-O11_AG-414-O11_NODE_1	143095	143616	.	ab	0.0026114	503.98
gdiff	AG-414-O11_contigs.fasta	AG-917-P07_contigs.fasta	AG-414-O11_AG-414-O11_NODE_1	144201	144722	.	ab	0.0053434	484.34
gdiff	AG-414-O11_contigs.fasta	AG-917-P07_contigs.fasta	AG-414-O11_AG-414-O11_NODE_1	144619	145140	.	ab	0.0047204	488.53
gdiff	AG-414-O11_contigs.fasta	AG-917-P07_contigs.fasta	AG-414-O11_AG-414-O11_NODE_1	145875	146396	.	ab	0.0070446	473.42
gdiff	AG-414-O11_contigs.fasta	AG-917-P07_contigs.fasta	AG-414-O11_AG-414-O11_NODE_1	147394	147915	.	ab	0.0037287	495.5
gdiff	AG-414-O11_contigs.fasta	AG-917-P07_contigs.fasta	AG-414-O11_AG-414-O11_NODE_1	148345	148866	.	ab	0.1606	63.008
gdiff	AG-414-O11_contigs.fasta	AG-917-P07_contigs.fasta	AG-414-O11_AG-414-O11_NODE_1	148569	149090	.	ab	0.080176	196.34
gdiff	AG-414-O11_contigs.fasta	AG-917-P07_contigs.fasta	AG-414-O11_AG-414-O11_NODE_1	149681	150202	.	ab	0.0020982	508.23
gdiff	AG-414-O11_contigs.fasta	AG-917-P07_contigs.fasta	AG-414-O11_AG-414-O11_NODE_1	149893	150414	.	ab	0.0020378	508.76
gdiff	AG-414-O11_contigs.fasta	AG-917-P07_contigs.fasta	AG-414-O11_AG-414-O11_NODE_1	151997	152518	.	ab	0.24814	10.708
gdiff	AG-414-O11_contigs.fasta	AG-917-P07_contigs.fasta	AG-414-O11_AG-414-O11_NODE_1	152629	153150	.	ab	0.23543	14.67
gdiff	AG-414-O11_contigs.fasta	AG-917-P07_contigs.fasta	AG-414-O11_AG-414-O11_NODE_1	153408	153929	.	ab	0.0058706	480.88
gdiff	AG-414-O11_contigs.fasta	AG-917-P07_contigs.fasta	AG-414-O11_AG-414-O11_NODE_1	155051	155572	.	ab	4.7832e-08	584.64
gdiff	AG-414-O11_contigs.fasta	AG-917-P07_contigs.fasta	AG-414-O11_AG-414-O11_NODE_1	155456	155977	.	ab	0.014165	432.66
gdiff	AG-414-O11_contigs.fasta	AG-917-P07_contigs.fasta	AG-414-O11_AG-414-O11_NODE_1	156420	156941	.	ab	0.11029	132.88
gdiff	AG-414-O11_contigs.fasta	AG-917-P07_contigs.fasta	AG-414-O11_AG-414-O11_NODE_1	156541	157062	.	ab	0.27333	5.1804
gdiff	AG-414-O11_contigs.fasta	AG-917-P07_contigs.fasta	AG-414-O11_AG-414-O11_NODE_1	156571	157092	.	ab	0.26628	6.4551
gdiff	AG-414-O11_contigs.fasta	AG-917-P07_contigs.fasta	AG-414-O11_AG-414-O11_NODE_1	157474	157995	.	ab	0.30067	1.811
gdiff	AG-414-O11_contigs.fasta	AG-917-P07_contigs.fasta	AG-414-O11_AG-414-O11_NODE_1	157518	158039	.	ab	0.30067	1.811
gdiff	AG-414-O11_contigs.fasta	AG-917-P07_contigs.fasta	AG-414-O11_AG-414-O11_NODE_1	157929	158450	.	ab	0.31692	0.73798
gdiff	AG-414-O11_contigs.fasta	AG-917-P07_contigs.fasta	AG-414-O11_AG-414-O11_NODE_1	158925	159446	.	ab	0.29157	2.6867
gdiff	AG-414-O11_contigs.fasta	AG-917-P07_contigs.fasta	AG-414-O11_AG-414-O11_NODE_1	159748	160269	.	ab	0.27412	5.0496
gdiff	AG-414-O11_contigs.fasta	AG-917-P07_contigs.fasta	AG-414-O11_AG-414-O11_NODE_1	162044	162565	.	ab	0.29157	2.6867
gdiff	AG-414-O11_contigs.fasta	AG-917-P07_contigs.fasta	AG-414-O11_AG-414-O11_NODE_1	164227	164748	.	ab	0.054769	267.17
gdiff	AG-414-O11_contigs.fasta	AG-917-P07_contigs.fasta	AG-414-O11_AG-414-O11_NODE_1	166220	166741	.	ab	0.0060843	479.5
gdiff	AG-414-O11_contigs.fasta	AG-917-P07_contigs.fasta	AG-414-O11_AG-414-O11_NODE_1	167388	167909	.	ab	0.0042335	491.9
gdiff	AG-414-O11_contigs.fasta	AG-917-P07_contigs.fasta	AG-414-O11_AG-414-O11_NODE_1	168864	169385	.	ab	0.0043151	491.33
gdiff	AG-414-O11_contigs.fasta	AG-917-P07_contigs.fasta	AG-414-O11_AG-414-O11_NODE_1	170687	171208	.	ab	0.010161	454.79
gdiff	AG-414-O11_contigs.fasta	AG-917-P07_contigs.fasta	AG-414-O11_AG-414-O11_NODE_1	171919	172440	.	ab	0.0090572	461.22
gdiff	AG-414-O11_contigs.fasta	AG-917-P07_contigs.fasta	AG-414-O11_AG-414-O11_NODE_1	174147	174668	.	ab	0.012825	439.88
gdiff	AG-414-O11_contigs.fasta	AG-917-P07_contigs.fasta	AG-414-O11_AG-414-O11_NODE_1	174352	174873	.	ab	0.016207	421.98
gdiff	AG-414-O11_contigs.fasta	AG-917-P07_contigs.fasta	AG-414-O11_AG-414-O11_NODE_1	178096	178617	.	ab	4.7832e-08	584.64
gdiff	AG-414-O11_contigs.fasta	AG-917-P07_contigs.fasta	AG-414-O11_AG-414-O11_NODE_1	179960	180481	.	ab	0.12088	114.83
gdiff	AG-414-O11_contigs.fasta	AG-917-P07_contigs.fasta	AG-414-O11_AG-414-O11_NODE_1	183733	184254	.	ab	0.0065289	476.66
gdiff	AG-414-O11_contigs.fasta	AG-917-P07_contigs.fasta	AG-414-O11_AG-414-O11_NODE_1	183830	184351	.	ab	0.0051967	485.32
gdiff	AG-414-O11_contigs.fasta	AG-917-P07_contigs.fasta	AG-414-O11_AG-414-O11_NODE_1	184339	184860	.	ab	0.043772	304.25
gdiff	AG-414-O11_contigs.fasta	AG-917-P07_contigs.fasta	AG-414-O11_AG-414-O11_NODE_1	184513	185034	.	ab	0.027883	366.89
gdiff	AG-414-O11_contigs.fasta	AG-917-P07_contigs.fasta	AG-414-O11_AG-414-O11_NODE_1	185801	186322	.	ab	0.017858	413.6
gdiff	AG-414-O11_contigs.fasta	AG-917-P07_contigs.fasta	AG-414-O11_AG-414-O11_NODE_1	186050	186571	.	ab	0.018041	412.69
gdiff	AG-414-O11_contigs.fasta	AG-917-P07_contigs.fasta	AG-414-O11_AG-414-O11_NODE_1	189090	189611	.	ab	0.003523	497
gdiff	AG-414-O11_contigs.fasta	AG-917-P07_contigs.fasta	AG-414-O11_AG-414-O11_NODE_1	191157	191678	.	ab	0.0062409	478.5
gdiff	AG-414-O11_contigs.fasta	AG-917-P07_contigs.fasta	AG-414-O11_AG-414-O11_NODE_1	191809	192330	.	ab	0.020277	401.71
gdiff	AG-414-O11_contigs.fasta	AG-917-P07_contigs.fasta	AG-414-O11_AG-414-O11_NODE_1	192463	192984	.	ab	0.0026762	503.46
gdiff	AG-414-O11_contigs.fasta	AG-917-P07_contigs.fasta	AG-414-O11_AG-414-O11_NODE_1	193796	194317	.	ab	0.0059983	480.06
gdiff	AG-414-O11_contigs.fasta	AG-917-P07_contigs.fasta	AG-414-O11_AG-414-O11_NODE_1	193986	194507	.	ab	0.0040339	493.31
gdiff	AG-414-O11_contigs.fasta	AG-917-P07_contigs.fasta	AG-414-O11_AG-414-O11_NODE_1	194727	195248	.	ab	0.0043716	490.94
gdiff	AG-414-O11_contigs.fasta	AG-917-P07_contigs.fasta	AG-414-O11_AG-414-O11_NODE_1	194893	195414	.	ab	0.0072024	472.44
gdiff	AG-414-O11_contigs.fasta	AG-917-P07_contigs.fasta	AG-414-O11_AG-414-O11_NODE_1	195975	196496	.	ab	0.015084	427.81
gdiff	AG-414-O11_contigs.fasta	AG-917-P07_contigs.fasta	AG-414-O11_AG-414-O11_NODE_1	196720	197241	.	ab	0.0044154	490.63
gdiff	AG-414-O11_contigs.fasta	AG-917-P07_contigs.fasta	AG-414-O11_AG-414-O11_NODE_1	198057	198578	.	ab	4.7832e-08	584.64
gdiff	AG-414-O11_contigs.fasta	AG-917-P07_contigs.fasta	AG-414-O11_AG-414-O11_NODE_1	198430	198951	.	ab	0.0041252	492.66
gdiff	AG-414-O11_contigs.fasta	AG-917-P07_contigs.fasta	AG-414-O11_AG-414-O11_NODE_1	198982	199503	.	ab	4.7832e-08	584.64
gdiff	AG-414-O11_contigs.fasta	AG-917-P07_contigs.fasta	AG-414-O11_AG-414-O11_NODE_1	199533	200054	.	ab	0.0054772	483.46
gdiff	AG-414-O11_contigs.fasta	AG-917-P07_contigs.fasta	AG-414-O11_AG-414-O11_NODE_1	201306	201827	.	ab	0.0057086	481.94
gdiff	AG-414-O11_contigs.fasta	AG-917-P07_contigs.fasta	AG-414-O11_AG-414-O11_NODE_1	202670	203191	.	ab	0.0061128	479.32
gdiff	AG-414-O11_contigs.fasta	AG-917-P07_contigs.fasta	AG-414-O11_AG-414-O11_NODE_1	208492	209013	.	ab	0.0059175	480.58
gdiff	AG-414-O11_contigs.fasta	AG-917-P07_contigs.fasta	AG-414-O11_AG-414-O11_NODE_1	208690	209211	.	ab	0.0029204	501.54
gdiff	AG-414-O11_contigs.fasta	AG-917-P07_contigs.fasta	AG-414-O11_AG-414-O11_NODE_1	209815	210336	.	ab	0.0092203	460.26
gdiff	AG-414-O11_contigs.fasta	AG-917-P07_contigs.fasta	AG-414-O11_AG-414-O11_NODE_1	211392	211913	.	ab	0.0090481	461.28
gdiff	AG-414-O11_contigs.fasta	AG-917-P07_contigs.fasta	AG-414-O11_AG-414-O11_NODE_1	213890	214411	.	ab	0.012597	441.12
gdiff	AG-414-O11_contigs.fasta	AG-917-P07_contigs.fasta	AG-414-O11_AG-414-O11_NODE_1	214633	215154	.	ab	0.018044	412.67
gdiff	AG-414-O11_contigs.fasta	AG-917-P07_contigs.fasta	AG-414-O11_AG-414-O11_NODE_1	214915	215436	.	ab	0.018571	410.05
gdiff	AG-414-O11_contigs.fasta	AG-917-P07_contigs.fasta	AG-414-O11_AG-414-O11_NODE_1	218373	218894	.	ab	0.0062409	478.5
gdiff	AG-414-O11_contigs.fasta	AG-917-P07_contigs.fasta	AG-414-O11_AG-414-O11_NODE_1	219003	219524	.	ab	0.0029204	501.54
gdiff	AG-414-O11_contigs.fasta	AG-917-P07_contigs.fasta	AG-414-O11_AG-414-O11_NODE_1	220650	221171	.	ab	0.0014219	514.48
gdiff	AG-414-O11_contigs.fasta	AG-917-P07_contigs.fasta	AG-414-O11_AG-414-O11_NODE_1	220916	221437	.	ab	0.011626	446.49
gdiff	AG-414-O11_contigs.fasta	AG-917-P07_contigs.fasta	AG-414-O11_AG-414-O11_NODE_1	221573	222094	.	ab	0.0094648	458.83
gdiff	AG-414-O11_contigs.fasta	AG-917-P07_contigs.fasta	AG-414-O11_AG-414-O11_NODE_1	225852	226373	.	ab	0.004233	491.9
gdiff	AG-414-O11_contigs.fasta	AG-917-P07_contigs.fasta	AG-414-O11_AG-414-O11_NODE_1	226638	227159	.	ab	0.0051367	485.72
gdiff	AG-414-O11_contigs.fasta	AG-917-P07_contigs.fasta	AG-414-O11_AG-414-O11_NODE_1	228007	228528	.	ab	4.7832e-08	584.64
gdiff	AG-414-O11_contigs.fasta	AG-917-P07_contigs.fasta	AG-414-O11_AG-414-O11_NODE_1	230007	230528	.	ab	0.015458	425.86
gdiff	AG-414-O11_contigs.fasta	AG-917-P07_contigs.fasta	AG-414-O11_AG-414-O11_NODE_1	230732	231253	.	ab	0.014328	431.79
gdiff	AG-414-O11_contigs.fasta	AG-917-P07_contigs.fasta	AG-414-O11_AG-414-O11_NODE_1	231573	232094	.	ab	0.016968	418.09
gdiff	AG-414-O11_contigs.fasta	AG-917-P07_contigs.fasta	AG-414-O11_AG-414-O11_NODE_1	236306	236827	.	ab	0.028703	363.35
gdiff	AG-414-O11_contigs.fasta	AG-917-P07_contigs.fasta	AG-414-O11_AG-414-O11_NODE_1	236999	237520	.	ab	0.0048654	487.55
gdiff	AG-414-O11_contigs.fasta	AG-917-P07_contigs.fasta	AG-414-O11_AG-414-O11_NODE_1	237719	238240	.	ab	0.012256	443
gdiff	AG-414-O11_contigs.fasta	AG-917-P07_contigs.fasta	AG-414-O11_AG-414-O11_NODE_1	239007	239528	.	ab	0.021389	396.39
gdiff	AG-414-O11_contigs.fasta	AG-917-P07_contigs.fasta	AG-414-O11_AG-414-O11_NODE_1	244126	244647	.	ab	0.2602	7.7163
gdiff	AG-414-O11_contigs.fasta	AG-917-P07_contigs.fasta	AG-414-O11_AG-414-O11_NODE_1	246925	247446	.	ab	0.29157	2.6867
gdiff	AG-414-O11_contigs.fasta	AG-917-P07_contigs.fasta	AG-414-O11_AG-414-O11_NODE_1	247461	247982	.	ab	0.28864	3.0172
gdiff	AG-414-O11_contigs.fasta	AG-917-P07_contigs.fasta	AG-414-O11_AG-414-O11_NODE_1	248539	249060	.	ab	nan	nan
gdiff	AG-414-O11_contigs.fasta	AG-917-P07_contigs.fasta	AG-414-O11_AG-414-O11_NODE_1	249391	249912	.	ab	0.28864	3.0172
gdiff	AG-414-O11_contigs.fasta	AG-917-P07_contigs.fasta	AG-414-O11_AG-414-O11_NODE_1	249583	250104	.	ab	0.30067	1.811
gdiff	AG-414-O11_contigs.fasta	AG-917-P07_contigs.fasta	AG-414-O11_AG-414-O11_NODE_1	249617	250138	.	ab	0.30067	1.811
gdiff	AG-414-O11_contigs.fasta	AG-917-P07_contigs.fasta	AG-414-O11_AG-414-O11_NODE_1	250632	251153	.	ab	0.27107	5.5689
gdiff	AG-414-O11_contigs.fasta	AG-917-P07_contigs.fasta	AG-414-O11_AG-414-O11_NODE_1	251911	252432	.	ab	0.25118	9.8883
gdiff	AG-414-O11_contigs.fasta	AG-917-P07_contigs.fasta	AG-414-O11_AG-414-O11_NODE_1	252686	253207	.	ab	0.29157	2.6867
gdiff	AG-414-O11_contigs.fasta	AG-917-P07_contigs.fasta	AG-414-O11_AG-414-O11_NODE_1	253606	254127	.	ab	0.29157	2.6867
gdiff	AG-414-O11_contigs.fasta	AG-917-P07_contigs.fasta	AG-414-O11_AG-414-O11_NODE_1	255826	256347	.	ab	0.27107	5.5689
gdiff	AG-414-O11_contigs.fasta	AG-917-P07_contigs.fasta	AG-414-O11_AG-414-O11_NODE_1	256040	256561	.	ab	0.30421	1.527
gdiff	AG-414-O11_contigs.fasta	AG-917-P07_contigs.fasta	AG-414-O11_AG-414-O11_NODE_1	257690	258211	.	ab	0.015656	424.83
gdiff	AG-414-O11_contigs.fasta	AG-917-P07_contigs.fasta	AG-414-O11_AG-414-O11_NODE_1	257694	258215	.	ab	0.015161	427.4
gdiff	AG-414-O11_contigs.fasta	AG-917-P07_contigs.fasta	AG-414-O11_AG-414-O11_NODE_1	258103	258624	.	ab	0.023182	387.98
gdiff	AG-414-O11_contigs.fasta	AG-917-P07_contigs.fasta	AG-414-O11_AG-414-O11_NODE_1	258310	258831	.	ab	0.030224	356.87
gdiff	AG-414-O11_contigs.fasta	AG-917-P07_contigs.fasta	AG-414-O11_AG-414-O11_NODE_1	258384	258905	.	ab	0.038981	321.89
gdiff	AG-414-O11_contigs.fasta	AG-917-P07_contigs.fasta	AG-414-O11_AG-414-O11_NODE_1	258933	259454	.	ab	0.028931	362.37
gdiff	AG-414-O11_contigs.fasta	AG-917-P07_contigs.fasta	AG-414-O11_AG-414-O11_NODE_1	261157	261678	.	ab	0.05032	281.63
gdiff	AG-414-O11_contigs.fasta	AG-917-P07_contigs.fasta	AG-414-O11_AG-414-O11_NODE_1	262288	262809	.	ab	0.11841	118.86
gdiff	AG-414-O11_contigs.fasta	AG-917-P07_contigs.fasta	AG-414-O11_AG-414-O11_NODE_1	263338	263859	.	ab	0.22874	17.132
gdiff	AG-414-O11_contigs.fasta	AG-917-P07_contigs.fasta	AG-414-O11_AG-414-O11_NODE_1	263909	264430	.	ab	0.25118	9.8883
gdiff	AG-414-O11_contigs.fasta	AG-917-P07_contigs.fasta	AG-414-O11_AG-414-O11_NODE_1	264122	264643	.	ab	0.27333	5.1804
gdiff	AG-414-O11_contigs.fasta	AG-917-P07_contigs.fasta	AG-414-O11_AG-414-O11_NODE_1	264593	265114	.	ab	0.28159	3.9176
gdiff	AG-414-O11_contigs.fasta	AG-917-P07_contigs.fasta	AG-414-O11_AG-414-O11_NODE_1	265604	266125	.	ab	0.23615	14.422
gdiff	AG-414-O11_contigs.fasta	AG-917-P07_contigs.fasta	AG-414-O11_AG-414-O11_NODE_1	267487	268008	.	ab	0.0719	217.42
gdiff	AG-414-O11_contigs.fasta	AG-917-P07_contigs.fasta	AG-414-O11_AG-414-O11_NODE_1	270872	271393	.	ab	0.072841	214.93
gdiff	AG-414-O11_contigs.fasta	AG-917-P07_contigs.fasta	AG-414-O11_AG-414-O11_NODE_1	271880	272401	.	ab	0.034038	341.18
gdiff	AG-414-O11_contigs.fasta	AG-917-P07_contigs.fasta	AG-414-O11_AG-414-O11_NODE_1	273268	273789	.	ab	0.013515	436.14
gdiff	AG-414-O11_contigs.fasta	AG-917-P07_contigs.fasta	AG-414-O11_AG-414-O11_NODE_1	273689	274210	.	ab	0.0019262	509.74
gdiff	AG-414-O11_contigs.fasta	AG-917-P07_contigs.fasta	AG-414-O11_AG-414-O11_NODE_1	275437	275958	.	ab	0.00077978	521.84
gdiff	AG-414-O11_contigs.fasta	AG-917-P07_contigs.fasta	AG-414-O11_AG-414-O11_NODE_1	276510	277031	.	ab	0.0051267	485.79
gdiff	AG-414-O11_contigs.fasta	AG-917-P07_contigs.fasta	AG-414-O11_AG-414-O11_NODE_1	279234	279755	.	ab	0.013214	437.77
gdiff	AG-414-O11_contigs.fasta	AG-917-P07_contigs.fasta	AG-414-O11_AG-414-O11_NODE_1	280591	281112	.	ab	0.010877	450.7
gdiff	AG-414-O11_contigs.fasta	AG-917-P07_contigs.fasta	AG-414-O11_AG-414-O11_NODE_1	282143	282664	.	ab	0.0065637	476.44
gdiff	AG-414-O11_contigs.fasta	AG-917-P07_contigs.fasta	AG-414-O11_AG-414-O11_NODE_1	283791	284312	.	ab	0.08555	183.56
gdiff	AG-414-O11_contigs.fasta	AG-917-P07_contigs.fasta	AG-414-O11_AG-414-O11_NODE_1	284293	284814	.	ab	0.10392	144.74
gdiff	AG-414-O11_contigs.fasta	AG-917-P07_contigs.fasta	AG-414-O11_AG-414-O11_NODE_1	284703	285224	.	ab	0.03846	323.87
gdiff	AG-414-O11_contigs.fasta	AG-917-P07_contigs.fasta	AG-414-O11_AG-414-O11_NODE_1	284932	285453	.	ab	0.05293	273.06
gdiff	AG-414-O11_contigs.fasta	AG-917-P07_contigs.fasta	AG-414-O11_AG-414-O11_NODE_1	285987	286508	.	ab	0.0016756	512.03
gdiff	AG-414-O11_contigs.fasta	AG-917-P07_contigs.fasta	AG-414-O11_AG-414-O11_NODE_1	285992	286513	.	ab	0.00085629	520.83
gdiff	AG-414-O11_contigs.fasta	AG-917-P07_contigs.fasta	AG-414-O11_AG-414-O11_NODE_1	288076	288597	.	ab	0.081128	194.02
gdiff	AG-414-O11_contigs.fasta	AG-917-P07_contigs.fasta	AG-414-O11_AG-414-O11_NODE_1	290779	291300	.	ab	0.28159	3.9176
gdiff	AG-414-O11_contigs.fasta	AG-917-P07_contigs.fasta	AG-414-O11_AG-414-O11_NODE_1	295413	295934	.	ab	0.25824	8.1555
gdiff	AG-414-O11_contigs.fasta	AG-917-P07_contigs.fasta	AG-414-O11_AG-414-O11_NODE_1	296574	297095	.	ab	0.29157	2.6867
gdiff	AG-414-O11_contigs.fasta	AG-917-P07_contigs.fasta	AG-414-O11_AG-414-O11_NODE_1	298162	298683	.	ab	0.28159	3.9176
gdiff	AG-414-O11_contigs.fasta	AG-917-P07_contigs.fasta	AG-414-O11_AG-414-O11_NODE_1	298486	299007	.	ab	0.28578	3.3638
gdiff	AG-414-O11_contigs.fasta	AG-917-P07_contigs.fasta	AG-414-O11_AG-414-O11_NODE_1	298764	299285	.	ab	0.29725	2.1146
gdiff	AG-414-O11_contigs.fasta	AG-917-P07_contigs.fasta	AG-414-O11_AG-414-O11_NODE_1	301834	302355	.	ab	0.28159	3.9176
gdiff	AG-414-O11_contigs.fasta	AG-917-P07_contigs.fasta	AG-414-O11_AG-414-O11_NODE_1	301892	302413	.	ab	0.28159	3.9176
gdiff	AG-414-O11_contigs.fasta	AG-917-P07_contigs.fasta	AG-414-O11_AG-414-O11_NODE_1	302240	302761	.	ab	0.27333	5.1804
gdiff	AG-414-O11_contigs.fasta	AG-917-P07_contigs.fasta	AG-414-O11_AG-414-O11_NODE_1	303102	303623	.	ab	0.30067	1.811
gdiff	AG-414-O11_contigs.fasta	AG-917-P07_contigs.fasta	AG-414-O11_AG-414-O11_NODE_1	303927	304448	.	ab	0.32157	0.53027
gdiff	AG-414-O11_contigs.fasta	AG-917-P07_contigs.fasta	AG-414-O11_AG-414-O11_NODE_1	306072	306593	.	ab	0.34998	0
gdiff	AG-414-O11_contigs.fasta	AG-917-P07_contigs.fasta	AG-414-O11_AG-414-O11_NODE_1	306690	307211	.	ab	0.28159	3.9176
gdiff	AG-414-O11_contigs.fasta	AG-917-P07_contigs.fasta	AG-414-O11_AG-414-O11_NODE_1	308801	309322	.	ab	0.23849	13.631
gdiff	AG-414-O11_contigs.fasta	AG-917-P07_contigs.fasta	AG-414-O11_AG-414-O11_NODE_1	312620	313141	.	ab	0.056316	262.3
gdiff	AG-414-O11_contigs.fasta	AG-917-P07_contigs.fasta	AG-414-O11_AG-414-O11_NODE_1	313157	313678	.	ab	0.036667	330.78
gdiff	AG-414-O11_contigs.fasta	AG-917-P07_contigs.fasta	AG-414-O11_AG-414-O11_NODE_1	313305	313826	.	ab	0.018986	408.01
gdiff	AG-414-O11_contigs.fasta	AG-917-P07_contigs.fasta	AG-414-O11_AG-414-O11_NODE_1	313376	313897	.	ab	0.017652	414.64
gdiff	AG-414-O11_contigs.fasta	AG-917-P07_contigs.fasta	AG-414-O11_AG-414-O11_NODE_1	314448	314969	.	ab	0.015407	426.12
gdiff	AG-414-O11_contigs.fasta	AG-917-P07_contigs.fasta	AG-414-O11_AG-414-O11_NODE_1	315169	315690	.	ab	0.02023	401.94
gdiff	AG-414-O11_contigs.fasta	AG-917-P07_contigs.fasta	AG-414-O11_AG-414-O11_NODE_1	317003	317524	.	ab	0.0044242	490.57
gdiff	AG-414-O11_contigs.fasta	AG-917-P07_contigs.fasta	AG-414-O11_AG-414-O11_NODE_1	317609	318130	.	ab	0.015704	424.58
gdiff	AG-414-O11_contigs.fasta	AG-917-P07_contigs.fasta	AG-414-O11_AG-414-O11_NODE_1	318017	318538	.	ab	0.015657	424.82
gdiff	AG-414-O11_contigs.fasta	AG-917-P07_contigs.fasta	AG-414-O11_AG-414-O11_NODE_1	318632	319153	.	ab	0.014955	428.48
gdiff	AG-414-O11_contigs.fasta	AG-917-P07_contigs.fasta	AG-414-O11_AG-414-O11_NODE_1	319094	319615	.	ab	0.0072315	472.26
gdiff	AG-414-O11_contigs.fasta	AG-917-P07_contigs.fasta	AG-414-O11_AG-414-O11_NODE_1	322451	322972	.	ab	0.0079359	467.93
gdiff	AG-414-O11_contigs.fasta	AG-917-P07_contigs.fasta	AG-414-O11_AG-414-O11_NODE_1	322854	323375	.	ab	0.002926	501.5
gdiff	AG-414-O11_contigs.fasta	AG-917-P07_contigs.fasta	AG-414-O11_AG-414-O11_NODE_1	324116	324637	.	ab	0.0058685	480.9
gdiff	AG-414-O11_contigs.fasta	AG-917-P07_contigs.fasta	AG-414-O11_AG-414-O11_NODE_1	324281	324802	.	ab	0.012082	443.96
gdiff	AG-414-O11_contigs.fasta	AG-917-P07_contigs.fasta	AG-414-O11_AG-414-O11_NODE_1	324848	325369	.	ab	0.0075172	470.49
gdiff	AG-414-O11_contigs.fasta	AG-917-P07_contigs.fasta	AG-414-O11_AG-414-O11_NODE_1	324854	325375	.	ab	0.0067753	475.1
gdiff	AG-414-O11_contigs.fasta	AG-917-P07_contigs.fasta	AG-414-O11_AG-414-O11_NODE_1	325079	325600	.	ab	0.0045273	489.86
gdiff	AG-414-O11_contigs.fasta	AG-917-P07_contigs.fasta	AG-414-O11_AG-414-O11_NODE_1	325537	326058	.	ab	0.0086757	463.48
gdiff	AG-414-O11_contigs.fasta	AG-917-P07_contigs.fasta	AG-414-O11_AG-414-O11_NODE_1	327558	328079	.	ab	0.011868	445.14
gdiff	AG-414-O11_contigs.fasta	AG-917-P07_contigs.fasta	AG-414-O11_AG-414-O11_NODE_1	327801	328322	.	ab	0.012299	442.76
gdiff	AG-414-O11_contigs.fasta	AG-917-P07_contigs.fasta	AG-414-O11_AG-414-O11_NODE_1	329067	329588	.	ab	0.032321	348.15
gdiff	AG-414-O11_contigs.fasta	AG-917-P07_contigs.fasta	AG-414-O11_AG-414-O11_NODE_1	329354	329875	.	ab	0.017573	415.04
gdiff	AG-414-O11_contigs.fasta	AG-917-P07_contigs.fasta	AG-414-O11_AG-414-O11_NODE_1	329578	330099	.	ab	0.0056336	482.43
gdiff	AG-414-O11_contigs.fasta	AG-917-P07_contigs.fasta	AG-414-O11_AG-414-O11_NODE_1	329607	330128	.	ab	0.0053085	484.57
gdiff	AG-414-O11_contigs.fasta	AG-917-P07_contigs.fasta	AG-414-O11_AG-414-O11_NODE_1	330738	331259	.	ab	0.037454	327.73
gdiff	AG-414-O11_contigs.fasta	AG-917-P07_contigs.fasta	AG-414-O11_AG-414-O11_NODE_1	330764	331285	.	ab	0.03322	344.48
gdiff	AG-414-O11_contigs.fasta	AG-917-P07_contigs.fasta	AG-414-O11_AG-414-O11_NODE_1	332693	333214	.	ab	0.0071186	472.96
gdiff	AG-414-O11_contigs.fasta	AG-917-P07_contigs.fasta	AG-414-O11_AG-414-O11_NODE_1	334265	334786	.	ab	0.00554	483.04
gdiff	AG-414-O11_contigs.fasta	AG-917-P07_contigs.fasta	AG-414-O11_AG-414-O11_NODE_1	334595	335116	.	ab	0.03055	355.5
gdiff	AG-414-O11_contigs.fasta	AG-917-P07_contigs.fasta	AG-414-O11_AG-414-O11_NODE_1	334642	335163	.	ab	0.031984	349.54
gdiff	AG-414-O11_contigs.fasta	AG-917-P07_contigs.fasta	AG-414-O11_AG-414-O11_NODE_1	335540	336061	.	ab	0.0011521	517.32
gdiff	AG-414-O11_contigs.fasta	AG-917-P07_contigs.fasta	AG-414-O11_AG-414-O11_NODE_1	336788	337309	.	ab	0.020957	398.45
gdiff	AG-414-O11_contigs.fasta	AG-917-P07_contigs.fasta	AG-414-O11_AG-414-O11_NODE_1	338761	339282	.	ab	0.03503	337.22
gdiff	AG-414-O11_contigs.fasta	AG-917-P07_contigs.fasta	AG-414-O11_AG-414-O11_NODE_1	339986	340507	.	ab	0.020432	400.96
gdiff	AG-414-O11_contigs.fasta	AG-917-P07_contigs.fasta	AG-414-O11_AG-414-O11_NODE_1	342560	343081	.	ab	0.056908	260.46
gdiff	AG-414-O11_contigs.fasta	AG-917-P07_contigs.fasta	AG-414-O11_AG-414-O11_NODE_1	342977	343498	.	ab	0.0067753	475.1
gdiff	AG-414-O11_contigs.fasta	AG-917-P07_contigs.fasta	AG-414-O11_AG-414-O11_NODE_1	350539	351060	.	ab	0.29157	2.6867
gdiff	AG-414-O11_contigs.fasta	AG-917-P07_contigs.fasta	AG-414-O11_AG-414-O11_NODE_1	350758	351279	.	ab	0.23982	13.2
gdiff	AG-414-O11_contigs.fasta	AG-917-P07_contigs.fasta	AG-414-O11_AG-414-O11_NODE_1	351546	352067	.	ab	0.27333	5.1804
gdiff	AG-414-O11_contigs.fasta	AG-917-P07_contigs.fasta	AG-414-O11_AG-414-O11_NODE_1	351926	352447	.	ab	0.28159	3.9176
gdiff	AG-414-O11_contigs.fasta	AG-917-P07_contigs.fasta	AG-414-O11_AG-414-O11_NODE_1	352392	352913	.	ab	0.23276	15.618
gdiff	AG-414-O11_contigs.fasta	AG-917-P07_contigs.fasta	AG-414-O11_AG-414-O11_NODE_1	353090	353611	.	ab	0.24487	11.642
gdiff	AG-414-O11_contigs.fasta	AG-917-P07_contigs.fasta	AG-414-O11_AG-414-O11_NODE_1	355556	356077	.	ab	0.19299	35.785
gdiff	AG-414-O11_contigs.fasta	AG-917-P07_contigs.fasta	AG-414-O11_AG-414-O11_NODE_1	358139	358660	.	ab	0.24166	12.616
gdiff	AG-414-O11_contigs.fasta	AG-917-P07_contigs.fasta	AG-414-O11_AG-414-O11_NODE_1	359618	360139	.	ab	0.24774	10.82
gdiff	AG-414-O11_contigs.fasta	AG-917-P07_contigs.fasta	AG-414-O11_AG-414-O11_NODE_1	361796	362317	.	ab	0.31692	0.73798
gdiff	AG-414-O11_contigs.fasta	AG-917-P07_contigs.fasta	AG-414-O11_AG-414-O11_NODE_1	362528	363049	.	ab	0.24224	12.434
gdiff	AG-414-O11_contigs.fasta	AG-917-P07_contigs.fasta	AG-414-O11_AG-414-O11_NODE_1	363829	364350	.	ab	0.26884	5.9701
gdiff	AG-414-O11_contigs.fasta	AG-917-P07_contigs.fasta	AG-414-O11_AG-414-O11_NODE_1	364900	365421	.	ab	0.2465	11.17
gdiff	AG-414-O11_contigs.fasta	AG-917-P07_contigs.fasta	AG-414-O11_AG-414-O11_NODE_1	365229	365750	.	ab	0.34998	0
gdiff	AG-414-O11_contigs.fasta	AG-917-P07_contigs.fasta	AG-414-O11_AG-414-O11_NODE_1	366642	367163	.	ab	0.25824	8.1555
gdiff	AG-414-O11_contigs.fasta	AG-917-P07_contigs.fasta	AG-414-O11_AG-414-O11_NODE_1	367994	368515	.	ab	0.23398	15.18
gdiff	AG-414-O11_contigs.fasta	AG-917-P07_contigs.fasta	AG-414-O11_AG-414-O11_NODE_1	368408	368929	.	ab	0.25824	8.1555
gdiff	AG-414-O11_contigs.fasta	AG-917-P07_contigs.fasta	AG-414-O11_AG-414-O11_NODE_1	372592	373113	.	ab	0.22389	19.101
gdiff	AG-414-O11_contigs.fasta	AG-917-P07_contigs.fasta	AG-414-O11_AG-414-O11_NODE_1	374597	375118	.	ab	0.26423	6.8637
gdiff	AG-414-O11_contigs.fasta	AG-917-P07_contigs.fasta	AG-414-O11_AG-414-O11_NODE_1	375271	375792	.	ab	0.27333	5.1804
gdiff	AG-414-O11_contigs.fasta	AG-917-P07_contigs.fasta	AG-414-O11_AG-414-O11_NODE_1	375575	376096	.	ab	0.29157	2.6867
gdiff	AG-414-O11_contigs.fasta	AG-917-P07_contigs.fasta	AG-414-O11_AG-414-O11_NODE_1	378051	378572	.	ab	0.22703	17.811
gdiff	AG-414-O11_contigs.fasta	AG-917-P07_contigs.fasta	AG-414-O11_AG-414-O11_NODE_1	382182	382703	.	ab	0.29157	2.6867
gdiff	AG-414-O11_contigs.fasta	AG-917-P07_contigs.fasta	AG-414-O11_AG-414-O11_NODE_1	383293	383814	.	ab	0.22128	20.222
gdiff	AG-414-O11_contigs.fasta	AG-917-P07_contigs.fasta	AG-414-O11_AG-414-O11_NODE_1	384108	384629	.	ab	0.23616	14.418
gdiff	AG-414-O11_contigs.fasta	AG-917-P07_contigs.fasta	AG-414-O11_AG-414-O11_NODE_1	384632	385153	.	ab	0.26423	6.8637
gdiff	AG-414-O11_contigs.fasta	AG-917-P07_contigs.fasta	AG-414-O11_AG-414-O11_NODE_2	1368	1889	.	ab	0.31692	0.73798
gdiff	AG-414-O11_contigs.fasta	AG-917-P07_contigs.fasta	AG-414-O11_AG-414-O11_NODE_2	2188	2709	.	ab	4.7832e-08	584.64
gdiff	AG-414-O11_contigs.fasta	AG-917-P07_contigs.fasta	AG-414-O11_AG-414-O11_NODE_2	3659	4180	.	ab	0.0040609	493.12
gdiff	AG-414-O11_contigs.fasta	AG-917-P07_contigs.fasta	AG-414-O11_AG-414-O11_NODE_2	4334	4855	.	ab	0.0089369	461.93
gdiff	AG-414-O11_contigs.fasta	AG-917-P07_contigs.fasta	AG-414-O11_AG-414-O11_NODE_2	4352	4873	.	ab	0.0096861	457.54
gdiff	AG-414-O11_contigs.fasta	AG-917-P07_contigs.fasta	AG-414-O11_AG-414-O11_NODE_2	6293	6814	.	ab	0.0045895	489.43
gdiff	AG-414-O11_contigs.fasta	AG-917-P07_contigs.fasta	AG-414-O11_AG-414-O11_NODE_2	7762	8283	.	ab	0.0069719	473.87
gdiff	AG-414-O11_contigs.fasta	AG-917-P07_contigs.fasta	AG-414-O11_AG-414-O11_NODE_2	8104	8625	.	ab	0.016334	421.33
gdiff	AG-414-O11_contigs.fasta	AG-917-P07_contigs.fasta	AG-414-O11_AG-414-O11_NODE_2	12835	13356	.	ab	0.0126	441.11
gdiff	AG-414-O11_contigs.fasta	AG-917-P07_contigs.fasta	AG-414-O11_AG-414-O11_NODE_2	13340	13861	.	ab	0.004843	487.7
gdiff	AG-414-O11_contigs.fasta	AG-917-P07_contigs.fasta	AG-414-O11_AG-414-O11_NODE_2	15294	15815	.	ab	0.0049265	487.13
gdiff	AG-414-O11_contigs.fasta	AG-917-P07_contigs.fasta	AG-414-O11_AG-414-O11_NODE_2	19463	19984	.	ab	0.0075662	470.19
gdiff	AG-414-O11_contigs.fasta	AG-917-P07_contigs.fasta	AG-414-O11_AG-414-O11_NODE_2	20001	20522	.	ab	0.0063372	477.88
gdiff	AG-414-O11_contigs.fasta	AG-917-P07_contigs.fasta	AG-414-O11_AG-414-O11_NODE_2	22203	22724	.	ab	0.014046	433.3
gdiff	AG-414-O11_contigs.fasta	AG-917-P07_contigs.fasta	AG-414-O11_AG-414-O11_NODE_2	23887	24408	.	ab	4.7832e-08	584.64
gdiff	AG-414-O11_contigs.fasta	AG-917-P07_contigs.fasta	AG-414-O11_AG-414-O11_NODE_2	24029	24550	.	ab	4.7832e-08	584.64
gdiff	AG-414-O11_contigs.fasta	AG-917-P07_contigs.fasta	AG-414-O11_AG-414-O11_NODE_2	25565	26086	.	ab	0.0016095	512.65
gdiff	AG-414-O11_contigs.fasta	AG-917-P07_contigs.fasta	AG-414-O11_AG-414-O11_NODE_2	26022	26543	.	ab	4.7832e-08	584.64
gdiff	AG-414-O11_contigs.fasta	AG-917-P07_contigs.fasta	AG-414-O11_AG-414-O11_NODE_2	26119	26640	.	ab	4.7832e-08	584.64
gdiff	AG-414-O11_contigs.fasta	AG-917-P07_contigs.fasta	AG-414-O11_AG-414-O11_NODE_2	27737	28258	.	ab	4.7832e-08	584.64
gdiff	AG-414-O11_contigs.fasta	AG-917-P07_contigs.fasta	AG-414-O11_AG-414-O11_NODE_2	28522	29043	.	ab	0.0035198	497.02
gdiff	AG-414-O11_contigs.fasta	AG-917-P07_contigs.fasta	AG-414-O11_AG-414-O11_NODE_2	28833	29354	.	ab	4.7832e-08	584.64
gdiff	AG-414-O11_contigs.fasta	AG-917-P07_contigs.fasta	AG-414-O11_AG-414-O11_NODE_2	30506	31027	.	ab	0.24487	11.642
gdiff	AG-414-O11_contigs.fasta	AG-917-P07_contigs.fasta	AG-414-O11_AG-414-O11_NODE_2	31749	32270	.	ab	0.30421	1.527
gdiff	AG-414-O11_contigs.fasta	AG-917-P07_contigs.fasta	AG-414-O11_AG-414-O11_NODE_2	33027	33548	.	ab	0.23543	14.67
gdiff	AG-414-O11_contigs.fasta	AG-917-P07_contigs.fasta	AG-414-O11_AG-414-O11_NODE_2	34424	34945	.	ab	0.24224	12.434
gdiff	AG-414-O11_contigs.fasta	AG-917-P07_contigs.fasta	AG-414-O11_AG-414-O11_NODE_2	35022	35543	.	ab	0.26013	7.7302
gdiff	AG-414-O11_contigs.fasta	AG-917-P07_contigs.fasta	AG-414-O11_AG-414-O11_NODE_2	36406	36927	.	ab	0.036478	331.51
gdiff	AG-414-O11_contigs.fasta	AG-917-P07_contigs.fasta	AG-414-O11_AG-414-O11_NODE_2	38351	38872	.	ab	0.0020369	508.77
gdiff	AG-414-O11_contigs.fasta	AG-917-P07_contigs.fasta	AG-414-O11_AG-414-O11_NODE_2	39597	40118	.	ab	0.0027217	503.1
gdiff	AG-414-O11_contigs.fasta	AG-917-P07_contigs.fasta	AG-414-O11_AG-414-O11_NODE_2	39670	40191	.	ab	0.002676	503.46
gdiff	AG-414-O11_contigs.fasta	AG-917-P07_contigs.fasta	AG-414-O11_AG-414-O11_NODE_2	41668	42189	.	ab	4.7832e-08	584.64
gdiff	AG-414-O11_contigs.fasta	AG-917-P07_contigs.fasta	AG-414-O11_AG-414-O11_NODE_2	41807	42328	.	ab	4.7832e-08	584.64
gdiff	AG-414-O11_contigs.fasta	AG-917-P07_contigs.fasta	AG-414-O11_AG-414-O11_NODE_2	42928	43449	.	ab	0.0049214	487.17
gdiff	AG-414-O11_contigs.fasta	AG-917-P07_contigs.fasta	AG-414-O11_AG-414-O11_NODE_2	44167	44688	.	ab	4.7832e-08	584.64
gdiff	AG-414-O11_contigs.fasta	AG-917-P07_contigs.fasta	AG-414-O11_AG-414-O11_NODE_2	45529	46050	.	ab	0.0055769	482.8
gdiff	AG-414-O11_contigs.fasta	AG-917-P07_contigs.fasta	AG-414-O11_AG-414-O11_NODE_2	49958	50479	.	ab	0.058672	255.04
gdiff	AG-414-O11_contigs.fasta	AG-917-P07_contigs.fasta	AG-414-O11_AG-414-O11_NODE_2	51351	51872	.	ab	0.021726	394.79
gdiff	AG-414-O11_contigs.fasta	AG-917-P07_contigs.fasta	AG-414-O11_AG-414-O11_NODE_2	51689	52210	.	ab	0.00028282	530.85
gdiff	AG-414-O11_contigs.fasta	AG-917-P07_contigs.fasta	AG-414-O11_AG-414-O11_NODE_2	52442	52963	.	ab	0.0028933	501.75
gdiff	AG-414-O11_contigs.fasta	AG-917-P07_contigs.fasta	AG-414-O11_AG-414-O11_NODE_2	53331	53852	.	ab	4.7832e-08	584.64
gdiff	AG-414-O11_contigs.fasta	AG-917-P07_contigs.fasta	AG-414-O11_AG-414-O11_NODE_2	54216	54737	.	ab	0.0069075	474.27
gdiff	AG-414-O11_contigs.fasta	AG-917-P07_contigs.fasta	AG-414-O11_AG-414-O11_NODE_2	54921	55442	.	ab	0.0049157	487.21
gdiff	AG-414-O11_contigs.fasta	AG-917-P07_contigs.fasta	AG-414-O11_AG-414-O11_NODE_2	55077	55598	.	ab	0.016207	421.98
gdiff	AG-414-O11_contigs.fasta	AG-917-P07_contigs.fasta	AG-414-O11_AG-414-O11_NODE_2	55120	55641	.	ab	0.014838	429.1
gdiff	AG-414-O11_contigs.fasta	AG-917-P07_contigs.fasta	AG-414-O11_AG-414-O11_NODE_2	56999	57520	.	ab	0.014878	428.89
gdiff	AG-414-O11_contigs.fasta	AG-917-P07_contigs.fasta	AG-414-O11_AG-414-O11_NODE_2	57584	58105	.	ab	0.032578	347.1
gdiff	AG-414-O11_contigs.fasta	AG-917-P07_contigs.fasta	AG-414-O11_AG-414-O11_NODE_2	58628	59149	.	ab	0.27333	5.1804
gdiff	AG-414-O11_contigs.fasta	AG-917-P07_contigs.fasta	AG-414-O11_AG-414-O11_NODE_2	62925	63446	.	ab	0.29157	2.6867
gdiff	AG-414-O11_contigs.fasta	AG-917-P07_contigs.fasta	AG-414-O11_AG-414-O11_NODE_2	63108	63629	.	ab	0.30421	1.527
gdiff	AG-414-O11_contigs.fasta	AG-917-P07_contigs.fasta	AG-414-O11_AG-414-O11_NODE_2	64705	65226	.	ab	0.26423	6.8637
gdiff	AG-414-O11_contigs.fasta	AG-917-P07_contigs.fasta	AG-414-O11_AG-414-O11_NODE_2	65063	65584	.	ab	0.29157	2.6867
gdiff	AG-414-O11_contigs.fasta	AG-917-P07_contigs.fasta	AG-414-O11_AG-414-O11_NODE_2	65083	65604	.	ab	0.32157	0.53027
gdiff	AG-414-O11_contigs.fasta	AG-917-P07_contigs.fasta	AG-414-O11_AG-414-O11_NODE_2	65929	66450	.	ab	0.27107	5.5689
gdiff	AG-414-O11_contigs.fasta	AG-917-P07_contigs.fasta	AG-414-O11_AG-414-O11_NODE_2	67960	68481	.	ab	0.0081319	466.75
gdiff	AG-414-O11_contigs.fasta	AG-917-P07_contigs.fasta	AG-414-O11_AG-414-O11_NODE_2	68135	68656	.	ab	0.0166	419.97
gdiff	AG-414-O11_contigs.fasta	AG-917-P07_contigs.fasta	AG-414-O11_AG-414-O11_NODE_2	70167	70688	.	ab	0.062944	242.32
gdiff	AG-414-O11_contigs.fasta	AG-917-P07_contigs.fasta	AG-414-O11_AG-414-O11_NODE_2	71610	72131	.	ab	0.0087655	462.95
gdiff	AG-414-O11_contigs.fasta	AG-917-P07_contigs.fasta	AG-414-O11_AG-414-O11_NODE_2	74051	74572	.	ab	0.0021095	508.14
gdiff	AG-414-O11_contigs.fasta	AG-917-P07_contigs.fasta	AG-414-O11_AG-414-O11_NODE_2	74992	75513	.	ab	0.073127	214.18
gdiff	AG-414-O11_contigs.fasta	AG-917-P07_contigs.fasta	AG-414-O11_AG-414-O11_NODE_2	76800	77321	.	ab	0.083131	189.22
gdiff	AG-414-O11_contigs.fasta	AG-917-P07_contigs.fasta	AG-414-O11_AG-414-O11_NODE_2	76846	77367	.	ab	0.079739	197.4
gdiff	AG-414-O11_contigs.fasta	AG-917-P07_contigs.fasta	AG-414-O11_AG-414-O11_NODE_2	79319	79840	.	ab	0.0055596	482.91
gdiff	AG-414-O11_contigs.fasta	AG-917-P07_contigs.fasta	AG-414-O11_AG-414-O11_NODE_2	79487	80008	.	ab	0.014927	428.63
gdiff	AG-414-O11_contigs.fasta	AG-917-P07_contigs.fasta	AG-414-O11_AG-414-O11_NODE_2	81478	81999	.	ab	4.7832e-08	584.64
gdiff	AG-414-O11_contigs.fasta	AG-917-P07_contigs.fasta	AG-414-O11_AG-414-O11_NODE_2	81517	82038	.	ab	4.7832e-08	584.64
gdiff	AG-414-O11_contigs.fasta	AG-917-P07_contigs.fasta	AG-414-O11_AG-414-O11_NODE_2	82540	83061	.	ab	0.0040339	493.31
gdiff	AG-414-O11_contigs.fasta	AG-917-P07_contigs.fasta	AG-414-O11_AG-414-O11_NODE_2	83131	83652	.	ab	0.0072837	471.93
gdiff	AG-414-O11_contigs.fasta	AG-917-P07_contigs.fasta	AG-414-O11_AG-414-O11_NODE_2	84050	84571	.	ab	0.013502	436.21
gdiff	AG-414-O11_contigs.fasta	AG-917-P07_contigs.fasta	AG-414-O11_AG-414-O11_NODE_2	84280	84801	.	ab	0.014107	432.97
gdiff	AG-414-O11_contigs.fasta	AG-917-P07_contigs.fasta	AG-414-O11_AG-414-O11_NODE_2	84389	84910	.	ab	0.015519	425.54
gdiff	AG-414-O11_contigs.fasta	AG-917-P07_contigs.fasta	AG-414-O11_AG-414-O11_NODE_2	84450	84971	.	ab	0.011202	448.87
gdiff	AG-414-O11_contigs.fasta	AG-917-P07_contigs.fasta	AG-414-O11_AG-414-O11_NODE_2	85538	86059	.	ab	0.008852	462.44
gdiff	AG-414-O11_contigs.fasta	AG-917-P07_contigs.fasta	AG-414-O11_AG-414-O11_NODE_2	85812	86333	.	ab	0.0043243	491.27
gdiff	AG-414-O11_contigs.fasta	AG-917-P07_contigs.fasta	AG-414-O11_AG-414-O11_NODE_2	88939	89460	.	ab	0.017843	413.68
gdiff	AG-414-O11_contigs.fasta	AG-917-P07_contigs.fasta	AG-414-O11_AG-414-O11_NODE_2	89873	90394	.	ab	0.043846	303.98
gdiff	AG-414-O11_contigs.fasta	AG-917-P07_contigs.fasta	AG-414-O11_AG-414-O11_NODE_2	90144	90665	.	ab	0.043329	305.84
gdiff	AG-414-O11_contigs.fasta	AG-917-P07_contigs.fasta	AG-414-O11_AG-414-O11_NODE_2	91706	92227	.	ab	0.026303	373.83
gdiff	AG-414-O11_contigs.fasta	AG-917-P07_contigs.fasta	AG-414-O11_AG-414-O11_NODE_2	91730	92251	.	ab	0.028544	364.03
gdiff	AG-414-O11_contigs.fasta	AG-917-P07_contigs.fasta	AG-414-O11_AG-414-O11_NODE_2	93017	93538	.	ab	0.0058149	481.24
gdiff	AG-414-O11_contigs.fasta	AG-917-P07_contigs.fasta	AG-414-O11_AG-414-O11_NODE_2	93501	94022	.	ab	0.0031474	499.8
gdiff	AG-414-O11_contigs.fasta	AG-917-P07_contigs.fasta	AG-414-O11_AG-414-O11_NODE_2	96080	96601	.	ab	0.0044961	490.07
gdiff	AG-414-O11_contigs.fasta	AG-917-P07_contigs.fasta	AG-414-O11_AG-414-O11_NODE_2	96699	97220	.	ab	0.0045681	489.58
gdiff	AG-414-O11_contigs.fasta	AG-917-P07_contigs.fasta	AG-414-O11_AG-414-O11_NODE_2	96882	97403	.	ab	0.0020777	508.41
gdiff	AG-414-O11_contigs.fasta	AG-917-P07_contigs.fasta	AG-414-O11_AG-414-O11_NODE_2	97117	97638	.	ab	0.0071186	472.96
gdiff	AG-414-O11_contigs.fasta	AG-917-P07_contigs.fasta	AG-414-O11_AG-414-O11_NODE_2	97121	97642	.	ab	0.0086688	463.52
gdiff	AG-414-O11_contigs.fasta	AG-917-P07_contigs.fasta	AG-414-O11_AG-414-O11_NODE_2	97297	97818	.	ab	0.019038	407.75
gdiff	AG-414-O11_contigs.fasta	AG-917-P07_contigs.fasta	AG-414-O11_AG-414-O11_NODE_2	99117	99638	.	ab	0.0061762	478.91
gdiff	AG-414-O11_contigs.fasta	AG-917-P07_contigs.fasta	AG-414-O11_AG-414-O11_NODE_2	99691	100212	.	ab	0.0070445	473.42
gdiff	AG-414-O11_contigs.fasta	AG-917-P07_contigs.fasta	AG-414-O11_AG-414-O11_NODE_2	100281	100802	.	ab	0.013763	434.81
gdiff	AG-414-O11_contigs.fasta	AG-917-P07_contigs.fasta	AG-414-O11_AG-414-O11_NODE_2	101939	102460	.	ab	0.0028427	502.15
gdiff	AG-414-O11_contigs.fasta	AG-917-P07_contigs.fasta	AG-414-O11_AG-414-O11_NODE_2	102674	103195	.	ab	0.0040339	493.31
gdiff	AG-414-O11_contigs.fasta	AG-917-P07_contigs.fasta	AG-414-O11_AG-414-O11_NODE_2	103299	103820	.	ab	0.0097137	457.38
gdiff	AG-414-O11_contigs.fasta	AG-917-P07_contigs.fasta	AG-414-O11_AG-414-O11_NODE_2	104050	104571	.	ab	0.016544	420.25
gdiff	AG-414-O11_contigs.fasta	AG-917-P07_contigs.fasta	AG-414-O11_AG-414-O11_NODE_2	106477	106998	.	ab	0.29157	2.6867
gdiff	AG-414-O11_contigs.fasta	AG-917-P07_contigs.fasta	AG-414-O11_AG-414-O11_NODE_2	109458	109979	.	ab	0.0051967	485.32
gdiff	AG-414-O11_contigs.fasta	AG-917-P07_contigs.fasta	AG-414-O11_AG-414-O11_NODE_2	110322	110843	.	ab	0.0046948	488.71
gdiff	AG-414-O11_contigs.fasta	AG-917-P07_contigs.fasta	AG-414-O11_AG-414-O11_NODE_2	110997	111518	.	ab	0.0050724	486.15
gdiff	AG-414-O11_contigs.fasta	AG-917-P07_contigs.fasta	AG-414-O11_AG-414-O11_NODE_2	113433	113954	.	ab	0.0067873	475.03
gdiff	AG-414-O11_contigs.fasta	AG-917-P07_contigs.fasta	AG-414-O11_AG-414-O11_NODE_2	114618	115139	.	ab	0.016662	419.65
gdiff	AG-414-O11_contigs.fasta	AG-917-P07_contigs.fasta	AG-414-O11_AG-414-O11_NODE_2	115163	115684	.	ab	0.0094419	458.96
gdiff	AG-414-O11_contigs.fasta	AG-917-P07_contigs.fasta	AG-414-O11_AG-414-O11_NODE_2	115207	115728	.	ab	0.0099103	456.24
gdiff	AG-414-O11_contigs.fasta	AG-917-P07_contigs.fasta	AG-414-O11_AG-414-O11_NODE_2	115241	115762	.	ab	0.010009	455.67
gdiff	AG-414-O11_contigs.fasta	AG-917-P07_contigs.fasta	AG-414-O11_AG-414-O11_NODE_2	115400	115921	.	ab	0.005386	484.06
gdiff	AG-414-O11_contigs.fasta	AG-917-P07_contigs.fasta	AG-414-O11_AG-414-O11_NODE_2	119825	120346	.	ab	0.0047859	488.09
gdiff	AG-414-O11_contigs.fasta	AG-917-P07_contigs.fasta	AG-414-O11_AG-414-O11_NODE_2	121402	121923	.	ab	0.0036665	495.95
gdiff	AG-414-O11_contigs.fasta	AG-917-P07_contigs.fasta	AG-414-O11_AG-414-O11_NODE_2	121488	122009	.	ab	0.0050724	486.15
gdiff	AG-414-O11_contigs.fasta	AG-917-P07_contigs.fasta	AG-414-O11_AG-414-O11_NODE_2	121593	122114	.	ab	0.0051822	485.41
gdiff	AG-414-O11_contigs.fasta	AG-917-P07_contigs.fasta	AG-414-O11_AG-414-O11_NODE_2	122117	122638	.	ab	4.7832e-08	584.64
gdiff	AG-414-O11_contigs.fasta	AG-917-P07_contigs.fasta	AG-414-O11_AG-414-O11_NODE_2	123797	124318	.	ab	0.0063069	478.07
gdiff	AG-414-O11_contigs.fasta	AG-917-P07_contigs.fasta	AG-414-O11_AG-414-O11_NODE_2	124810	125331	.	ab	4.7832e-08	584.64
gdiff	AG-414-O11_contigs.fasta	AG-917-P07_contigs.fasta	AG-414-O11_AG-414-O11_NODE_2	127627	128148	.	ab	0.0031494	499.79
gdiff	AG-414-O11_contigs.fasta	AG-917-P07_contigs.fasta	AG-414-O11_AG-414-O11_NODE_2	130056	130577	.	ab	4.7832e-08	584.64
gdiff	AG-414-O11_contigs.fasta	AG-917-P07_contigs.fasta	AG-414-O11_AG-414-O11_NODE_2	132717	133238	.	ab	0.049187	285.43
gdiff	AG-414-O11_contigs.fasta	AG-917-P07_contigs.fasta	AG-414-O11_AG-414-O11_NODE_2	133253	133774	.	ab	0.049188	285.42
gdiff	AG-414-O11_contigs.fasta	AG-917-P07_contigs.fasta	AG-414-O11_AG-414-O11_NODE_2	133272	133793	.	ab	0.045437	298.34
gdiff	AG-414-O11_contigs.fasta	AG-917-P07_contigs.fasta	AG-414-O11_AG-414-O11_NODE_2	134686	135207	.	ab	0.0054665	483.53
gdiff	AG-414-O11_contigs.fasta	AG-917-P07_contigs.fasta	AG-414-O11_AG-414-O11_NODE_2	135373	135894	.	ab	4.7832e-08	584.64
gdiff	AG-414-O11_contigs.fasta	AG-917-P07_contigs.fasta	AG-414-O11_AG-414-O11_NODE_2	135670	136191	.	ab	4.7832e-08	584.64
gdiff	AG-414-O11_contigs.fasta	AG-917-P07_contigs.fasta	AG-414-O11_AG-414-O11_NODE_2	136134	136655	.	ab	4.7832e-08	584.64
gdiff	AG-414-O11_contigs.fasta	AG-917-P07_contigs.fasta	AG-414-O11_AG-414-O11_NODE_2	137890	138411	.	ab	0.0053602	484.23
gdiff	AG-414-O11_contigs.fasta	AG-917-P07_contigs.fasta	AG-414-O11_AG-414-O11_NODE_2	138749	139270	.	ab	0.0018458	510.46
gdiff	AG-414-O11_contigs.fasta	AG-917-P07_contigs.fasta	AG-414-O11_AG-414-O11_NODE_2	140186	140707	.	ab	4.7832e-08	584.64
gdiff	AG-414-O11_contigs.fasta	AG-917-P07_contigs.fasta	AG-414-O11_AG-414-O11_NODE_2	140682	141203	.	ab	4.7832e-08	584.64
gdiff	AG-414-O11_contigs.fasta	AG-917-P07_contigs.fasta	AG-414-O11_AG-414-O11_NODE_2	141650	142171	.	ab	0.0039039	494.23
gdiff	AG-414-O11_contigs.fasta	AG-917-P07_contigs.fasta	AG-414-O11_AG-414-O11_NODE_2	141728	142249	.	ab	0.0040339	493.31
gdiff	AG-414-O11_contigs.fasta	AG-917-P07_contigs.fasta	AG-414-O11_AG-414-O11_NODE_2	143987	144508	.	ab	0.024451	382.15
gdiff	AG-414-O11_contigs.fasta	AG-917-P07_contigs.fasta	AG-414-O11_AG-414-O11_NODE_2	144700	145221	.	ab	0.031485	351.6
gdiff	AG-414-O11_contigs.fasta	AG-917-P07_contigs.fasta	AG-414-O11_AG-414-O11_NODE_2	145053	145574	.	ab	0.045476	298.2
gdiff	AG-414-O11_contigs.fasta	AG-917-P07_contigs.fasta	AG-414-O11_AG-414-O11_NODE_2	149160	149681	.	ab	0.0068073	474.9
gdiff	AG-414-O11_contigs.fasta	AG-917-P07_contigs.fasta	AG-414-O11_AG-414-O11_NODE_2	150225	150746	.	ab	0.0094962	458.64
gdiff	AG-414-O11_contigs.fasta	AG-917-P07_contigs.fasta	AG-414-O11_AG-414-O11_NODE_2	150744	151265	.	ab	0.020555	400.37
gdiff	AG-414-O11_contigs.fasta	AG-917-P07_contigs.fasta	AG-414-O11_AG-414-O11_NODE_2	152650	153171	.	ab	0.028321	365
gdiff	AG-414-O11_contigs.fasta	AG-917-P07_contigs.fasta	AG-414-O11_AG-414-O11_NODE_2	153139	153660	.	ab	0.0099877	455.79
gdiff	AG-414-O11_contigs.fasta	AG-917-P07_contigs.fasta	AG-414-O11_AG-414-O11_NODE_2	154107	154628	.	ab	0.051949	276.26
gdiff	AG-414-O11_contigs.fasta	AG-917-P07_contigs.fasta	AG-414-O11_AG-414-O11_NODE_2	154929	155450	.	ab	0.05429	268.69
gdiff	AG-414-O11_contigs.fasta	AG-917-P07_contigs.fasta	AG-414-O11_AG-414-O11_NODE_2	155015	155536	.	ab	0.046573	294.37
gdiff	AG-414-O11_contigs.fasta	AG-917-P07_contigs.fasta	AG-414-O11_AG-414-O11_NODE_2	156434	156955	.	ab	0.0098517	456.58
gdiff	AG-414-O11_contigs.fasta	AG-917-P07_contigs.fasta	AG-414-O11_AG-414-O11_NODE_2	158300	158821	.	ab	0.0054665	483.53
gdiff	AG-414-O11_contigs.fasta	AG-917-P07_contigs.fasta	AG-414-O11_AG-414-O11_NODE_2	160415	160936	.	ab	0.013706	435.11
gdiff	AG-414-O11_contigs.fasta	AG-917-P07_contigs.fasta	AG-414-O11_AG-414-O11_NODE_2	160928	161449	.	ab	0.069623	223.53
gdiff	AG-414-O11_contigs.fasta	AG-917-P07_contigs.fasta	AG-414-O11_AG-414-O11_NODE_2	162868	163389	.	ab	0.0051967	485.32
gdiff	AG-414-O11_contigs.fasta	AG-917-P07_contigs.fasta	AG-414-O11_AG-414-O11_NODE_2	163863	164384	.	ab	0.0079029	468.13
gdiff	AG-414-O11_contigs.fasta	AG-917-P07_contigs.fasta	AG-414-O11_AG-414-O11_NODE_2	164700	165221	.	ab	0.0073495	471.53
gdiff	AG-414-O11_contigs.fasta	AG-917-P07_contigs.fasta	AG-414-O11_AG-414-O11_NODE_2	168310	168831	.	ab	0.0047132	488.58
gdiff	AG-414-O11_contigs.fasta	AG-917-P07_contigs.fasta	AG-414-O11_AG-414-O11_NODE_2	169643	170164	.	ab	0.0080727	467.1
gdiff	AG-414-O11_contigs.fasta	AG-917-P07_contigs.fasta	AG-414-O11_AG-414-O11_NODE_2	170232	170753	.	ab	0.003527	496.97
gdiff	AG-414-O11_contigs.fasta	AG-917-P07_contigs.fasta	AG-414-O11_AG-414-O11_NODE_2	171330	171851	.	ab	0.0034895	497.24
gdiff	AG-414-O11_contigs.fasta	AG-917-P07_contigs.fasta	AG-414-O11_AG-414-O11_NODE_2	171752	172273	.	ab	0.0078972	468.17
gdiff	AG-414-O11_contigs.fasta	AG-917-P07_contigs.fasta	AG-414-O11_AG-414-O11_NODE_2	172458	172979	.	ab	0.0064073	477.43
gdiff	AG-414-O11_contigs.fasta	AG-917-P07_contigs.fasta	AG-414-O11_AG-414-O11_NODE_2	172637	173158	.	ab	0.0062409	478.5
gdiff	AG-414-O11_contigs.fasta	AG-917-P07_contigs.fasta	AG-414-O11_AG-414-O11_NODE_2	172765	173286	.	ab	0.0016957	511.84
gdiff	AG-414-O11_contigs.fasta	AG-917-P07_contigs.fasta	AG-414-O11_AG-414-O11_NODE_2	175959	176480	.	ab	0.060014	250.98
gdiff	AG-414-O11_contigs.fasta	AG-917-P07_contigs.fasta	AG-414-O11_AG-414-O11_NODE_2	176702	177223	.	ab	0.091904	169.31
gdiff	AG-414-O11_contigs.fasta	AG-917-P07_contigs.fasta	AG-414-O11_AG-414-O11_NODE_2	177022	177543	.	ab	0.055232	265.7
gdiff	AG-414-O11_contigs.fasta	AG-917-P07_contigs.fasta	AG-414-O11_AG-414-O11_NODE_2	180750	181271	.	ab	0.061492	246.58
gdiff	AG-414-O11_contigs.fasta	AG-917-P07_contigs.fasta	AG-414-O11_AG-414-O11_NODE_2	181992	182513	.	ab	0.024169	383.44
gdiff	AG-414-O11_contigs.fasta	AG-917-P07_contigs.fasta	AG-414-O11_AG-414-O11_NODE_2	182540	183061	.	ab	0.043398	305.59
gdiff	AG-414-O11_contigs.fasta	AG-917-P07_contigs.fasta	AG-414-O11_AG-414-O11_NODE_2	186430	186951	.	ab	0.0042698	491.65
gdiff	AG-414-O11_contigs.fasta	AG-917-P07_contigs.fasta	AG-414-O11_AG-414-O11_NODE_2	186662	187183	.	ab	4.7832e-08	584.64
gdiff	AG-414-O11_contigs.fasta	AG-917-P07_contigs.fasta	AG-414-O11_AG-414-O11_NODE_2	187561	188082	.	ab	0.031137	353.05
gdiff	AG-414-O11_contigs.fasta	AG-917-P07_contigs.fasta	AG-414-O11_AG-414-O11_NODE_2	189358	189879	.	ab	0.034936	337.59
gdiff	AG-414-O11_contigs.fasta	AG-917-P07_contigs.fasta	AG-414-O11_AG-414-O11_NODE_2	190827	191348	.	ab	0.028123	365.85
gdiff	AG-414-O11_contigs.fasta	AG-917-P07_contigs.fasta	AG-414-O11_AG-414-O11_NODE_2	192011	192532	.	ab	0.010547	452.58
gdiff	AG-414-O11_contigs.fasta	AG-917-P07_contigs.fasta	AG-414-O11_AG-414-O11_NODE_2	192849	193370	.	ab	0.013363	436.96
gdiff	AG-414-O11_contigs.fasta	AG-917-P07_contigs.fasta	AG-414-O11_AG-414-O11_NODE_2	193008	193529	.	ab	0.019441	405.77
gdiff	AG-414-O11_contigs.fasta	AG-917-P07_contigs.fasta	AG-414-O11_AG-414-O11_NODE_2	195134	195655	.	ab	0.0027957	502.51
gdiff	AG-414-O11_contigs.fasta	AG-917-P07_contigs.fasta	AG-414-O11_AG-414-O11_NODE_2	196631	197152	.	ab	0.0021192	508.05
gdiff	AG-414-O11_contigs.fasta	AG-917-P07_contigs.fasta	AG-414-O11_AG-414-O11_NODE_2	197362	197883	.	ab	0.0041724	492.33
gdiff	AG-414-O11_contigs.fasta	AG-917-P07_contigs.fasta	AG-414-O11_AG-414-O11_NODE_2	197730	198251	.	ab	4.7832e-08	584.64
gdiff	AG-414-O11_contigs.fasta	AG-917-P07_contigs.fasta	AG-414-O11_AG-414-O11_NODE_3	55	576	.	ab	0.0080523	467.23
gdiff	AG-414-O11_contigs.fasta	AG-917-P07_contigs.fasta	AG-414-O11_AG-414-O11_NODE_3	3185	3706	.	ab	0.034263	340.27
gdiff	AG-414-O11_contigs.fasta	AG-917-P07_contigs.fasta	AG-414-O11_AG-414-O11_NODE_3	4429	4950	.	ab	0.017209	416.87
gdiff	AG-414-O11_contigs.fasta	AG-917-P07_contigs.fasta	AG-414-O11_AG-414-O11_NODE_3	4507	5028	.	ab	0.019689	404.56
gdiff	AG-414-O11_contigs.fasta	AG-917-P07_contigs.fasta	AG-414-O11_AG-414-O11_NODE_3	8742	9263	.	ab	0.019279	406.57
gdiff	AG-414-O11_contigs.fasta	AG-917-P07_contigs.fasta	AG-414-O11_AG-414-O11_NODE_3	11416	11937	.	ab	0.02955	359.73
gdiff	AG-414-O11_contigs.fasta	AG-917-P07_contigs.fasta	AG-414-O11_AG-414-O11_NODE_3	11494	12015	.	ab	0.033135	344.82
gdiff	AG-414-O11_contigs.fasta	AG-917-P07_contigs.fasta	AG-414-O11_AG-414-O11_NODE_3	15082	15603	.	ab	0.019512	405.42
gdiff	AG-414-O11_contigs.fasta	AG-917-P07_contigs.fasta	AG-414-O11_AG-414-O11_NODE_3	15540	16061	.	ab	0.015177	427.32
gdiff	AG-414-O11_contigs.fasta	AG-917-P07_contigs.fasta	AG-414-O11_AG-414-O11_NODE_3	15935	16456	.	ab	0.02711	370.27
gdiff	AG-414-O11_contigs.fasta	AG-917-P07_contigs.fasta	AG-414-O11_AG-414-O11_NODE_3	16036	16557	.	ab	0.025788	376.12
gdiff	AG-414-O11_contigs.fasta	AG-917-P07_contigs.fasta	AG-414-O11_AG-414-O11_NODE_3	19651	20172	.	ab	0.0077466	469.09
gdiff	AG-414-O11_contigs.fasta	AG-917-P07_contigs.fasta	AG-414-O11_AG-414-O11_NODE_3	21025	21546	.	ab	0.0080877	467.01
gdiff	AG-414-O11_contigs.fasta	AG-917-P07_contigs.fasta	AG-414-O11_AG-414-O11_NODE_3	21439	21960	.	ab	0.0026478	503.68
gdiff	AG-414-O11_contigs.fasta	AG-917-P07_contigs.fasta	AG-414-O11_AG-414-O11_NODE_3	23162	23683	.	ab	0.0032367	499.13
gdiff	AG-414-O11_contigs.fasta	AG-917-P07_contigs.fasta	AG-414-O11_AG-414-O11_NODE_3	23203	23724	.	ab	0.0058695	480.89
gdiff	AG-414-O11_contigs.fasta	AG-917-P07_contigs.fasta	AG-414-O11_AG-414-O11_NODE_3	24201	24722	.	ab	0.0011154	517.73
gdiff	AG-414-O11_contigs.fasta	AG-917-P07_contigs.fasta	AG-414-O11_AG-414-O11_NODE_3	24790	25311	.	ab	0.015355	426.39
gdiff	AG-414-O11_contigs.fasta	AG-917-P07_contigs.fasta	AG-414-O11_AG-414-O11_NODE_3	25967	26488	.	ab	0.024305	382.82
gdiff	AG-414-O11_contigs.fasta	AG-917-P07_contigs.fasta	AG-414-O11_AG-414-O11_NODE_3	26083	26604	.	ab	0.052855	273.31
gdiff	AG-414-O11_contigs.fasta	AG-917-P07_contigs.fasta	AG-414-O11_AG-414-O11_NODE_3	28174	28695	.	ab	0.0093372	459.57
gdiff	AG-414-O11_contigs.fasta	AG-917-P07_contigs.fasta	AG-414-O11_AG-414-O11_NODE_3	28196	28717	.	ab	0.010855	450.83
gdiff	AG-414-O11_contigs.fasta	AG-917-P07_contigs.fasta	AG-414-O11_AG-414-O11_NODE_3	30191	30712	.	ab	0.32157	0.53027
gdiff	AG-414-O11_contigs.fasta	AG-917-P07_contigs.fasta	AG-414-O11_AG-414-O11_NODE_3	31340	31861	.	ab	0.32157	0.53027
gdiff	AG-414-O11_contigs.fasta	AG-917-P07_contigs.fasta	AG-414-O11_AG-414-O11_NODE_3	31360	31881	.	ab	0.32157	0.53027
gdiff	AG-414-O11_contigs.fasta	AG-917-P07_contigs.fasta	AG-414-O11_AG-414-O11_NODE_3	31663	32184	.	ab	0.32157	0.53027
gdiff	AG-414-O11_contigs.fasta	AG-917-P07_contigs.fasta	AG-414-O11_AG-414-O11_NODE_3	33164	33685	.	ab	0.25468	8.9988
gdiff	AG-414-O11_contigs.fasta	AG-917-P07_contigs.fasta	AG-414-O11_AG-414-O11_NODE_3	33529	34050	.	ab	0.2622	7.2842
gdiff	AG-414-O11_contigs.fasta	AG-917-P07_contigs.fasta	AG-414-O11_AG-414-O11_NODE_3	34261	34782	.	ab	0.27656	4.6583
gdiff	AG-414-O11_contigs.fasta	AG-917-P07_contigs.fasta	AG-414-O11_AG-414-O11_NODE_3	34832	35353	.	ab	0.22149	20.133
gdiff	AG-414-O11_contigs.fasta	AG-917-P07_contigs.fasta	AG-414-O11_AG-414-O11_NODE_3	38090	38611	.	ab	0.24379	11.962
gdiff	AG-414-O11_contigs.fasta	AG-917-P07_contigs.fasta	AG-414-O11_AG-414-O11_NODE_3	41037	41558	.	ab	0.26423	6.8637
gdiff	AG-414-O11_contigs.fasta	AG-917-P07_contigs.fasta	AG-414-O11_AG-414-O11_NODE_3	42014	42535	.	ab	0.27905	4.2809
gdiff	AG-414-O11_contigs.fasta	AG-917-P07_contigs.fasta	AG-414-O11_AG-414-O11_NODE_3	42125	42646	.	ab	0.28159	3.9176
gdiff	AG-414-O11_contigs.fasta	AG-917-P07_contigs.fasta	AG-414-O11_AG-414-O11_NODE_3	42456	42977	.	ab	0.32157	0.53027
gdiff	AG-414-O11_contigs.fasta	AG-917-P07_contigs.fasta	AG-414-O11_AG-414-O11_NODE_3	43088	43609	.	ab	0.10318	146.17
gdiff	AG-414-O11_contigs.fasta	AG-917-P07_contigs.fasta	AG-414-O11_AG-414-O11_NODE_3	43453	43974	.	ab	0.080828	194.75
gdiff	AG-414-O11_contigs.fasta	AG-917-P07_contigs.fasta	AG-414-O11_AG-414-O11_NODE_3	43783	44304	.	ab	0.060298	250.13
gdiff	AG-414-O11_contigs.fasta	AG-917-P07_contigs.fasta	AG-414-O11_AG-414-O11_NODE_3	46433	46954	.	ab	0.0612	247.44
gdiff	AG-414-O11_contigs.fasta	AG-917-P07_contigs.fasta	AG-414-O11_AG-414-O11_NODE_3	46434	46955	.	ab	0.0612	247.44
gdiff	AG-414-O11_contigs.fasta	AG-917-P07_contigs.fasta	AG-414-O11_AG-414-O11_NODE_3	46528	47049	.	ab	0.072545	215.71
gdiff	AG-414-O11_contigs.fasta	AG-917-P07_contigs.fasta	AG-414-O11_AG-414-O11_NODE_3	46586	47107	.	ab	0.080187	196.31
gdiff	AG-414-O11_contigs.fasta	AG-917-P07_contigs.fasta	AG-414-O11_AG-414-O11_NODE_3	49567	50088	.	ab	0.023755	385.33
gdiff	AG-414-O11_contigs.fasta	AG-917-P07_contigs.fasta	AG-414-O11_AG-414-O11_NODE_3	49871	50392	.	ab	0.018606	409.88
gdiff	AG-414-O11_contigs.fasta	AG-917-P07_contigs.fasta	AG-414-O11_AG-414-O11_NODE_3	52506	53027	.	ab	0.068078	227.77
gdiff	AG-414-O11_contigs.fasta	AG-917-P07_contigs.fasta	AG-414-O11_AG-414-O11_NODE_3	54532	55053	.	ab	0.067534	229.27
gdiff	AG-414-O11_contigs.fasta	AG-917-P07_contigs.fasta	AG-414-O11_AG-414-O11_NODE_3	57338	57859	.	ab	0.05673	261.01
gdiff	AG-414-O11_contigs.fasta	AG-917-P07_contigs.fasta	AG-414-O11_AG-414-O11_NODE_3	58868	59389	.	ab	0.06563	234.61
gdiff	AG-414-O11_contigs.fasta	AG-917-P07_contigs.fasta	AG-414-O11_AG-414-O11_NODE_3	59479	60000	.	ab	0.091659	169.84
gdiff	AG-414-O11_contigs.fasta	AG-917-P07_contigs.fasta	AG-414-O11_AG-414-O11_NODE_3	60433	60954	.	ab	0.027869	366.96
gdiff	AG-414-O11_contigs.fasta	AG-917-P07_contigs.fasta	AG-414-O11_AG-414-O11_NODE_3	66713	67234	.	ab	0.025549	377.19
gdiff	AG-414-O11_contigs.fasta	AG-917-P07_contigs.fasta	AG-414-O11_AG-414-O11_NODE_3	66772	67293	.	ab	0.022293	392.12
gdiff	AG-414-O11_contigs.fasta	AG-917-P07_contigs.fasta	AG-414-O11_AG-414-O11_NODE_3	67865	68386	.	ab	0.0089485	461.86
gdiff	AG-414-O11_contigs.fasta	AG-917-P07_contigs.fasta	AG-414-O11_AG-414-O11_NODE_3	67969	68490	.	ab	0.0036051	496.39
gdiff	AG-414-O11_contigs.fasta	AG-917-P07_contigs.fasta	AG-414-O11_AG-414-O11_NODE_3	68806	69327	.	ab	0.00041995	527.67
gdiff	AG-414-O11_contigs.fasta	AG-917-P07_contigs.fasta	AG-414-O11_AG-414-O11_NODE_3	71744	72265	.	ab	0.011988	444.48
gdiff	AG-414-O11_contigs.fasta	AG-917-P07_contigs.fasta	AG-414-O11_AG-414-O11_NODE_3	72137	72658	.	ab	0.0019442	509.58
gdiff	AG-414-O11_contigs.fasta	AG-917-P07_contigs.fasta	AG-414-O11_AG-414-O11_NODE_3	73325	73846	.	ab	4.7832e-08	584.64
gdiff	AG-414-O11_contigs.fasta	AG-917-P07_contigs.fasta	AG-414-O11_AG-414-O11_NODE_3	73473	73994	.	ab	0.012005	444.39
gdiff	AG-414-O11_contigs.fasta	AG-917-P07_contigs.fasta	AG-414-O11_AG-414-O11_NODE_3	73989	74510	.	ab	0.064354	238.25
gdiff	AG-414-O11_contigs.fasta	AG-917-P07_contigs.fasta	AG-414-O11_AG-414-O11_NODE_3	75163	75684	.	ab	4.7832e-08	584.64
gdiff	AG-414-O11_contigs.fasta	AG-917-P07_contigs.fasta	AG-414-O11_AG-414-O11_NODE_3	75328	75849	.	ab	4.7832e-08	584.64
gdiff	AG-414-O11_contigs.fasta	AG-917-P07_contigs.fasta	AG-414-O11_AG-414-O11_NODE_3	75618	76139	.	ab	4.7832e-08	584.64
gdiff	AG-414-O11_contigs.fasta	AG-917-P07_contigs.fasta	AG-414-O11_AG-414-O11_NODE_3	76135	76656	.	ab	4.7832e-08	584.64
gdiff	AG-414-O11_contigs.fasta	AG-917-P07_contigs.fasta	AG-414-O11_AG-414-O11_NODE_3	76744	77265	.	ab	0.0023606	506.02
gdiff	AG-414-O11_contigs.fasta	AG-917-P07_contigs.fasta	AG-414-O11_AG-414-O11_NODE_3	78158	78679	.	ab	0.024581	381.56
gdiff	AG-414-O11_contigs.fasta	AG-917-P07_contigs.fasta	AG-414-O11_AG-414-O11_NODE_3	78287	78808	.	ab	0.037046	329.31
gdiff	AG-414-O11_contigs.fasta	AG-917-P07_contigs.fasta	AG-414-O11_AG-414-O11_NODE_3	79027	79548	.	ab	0.015691	424.65
gdiff	AG-414-O11_contigs.fasta	AG-917-P07_contigs.fasta	AG-414-O11_AG-414-O11_NODE_3	80845	81366	.	ab	0.014838	429.1
gdiff	AG-414-O11_contigs.fasta	AG-917-P07_contigs.fasta	AG-414-O11_AG-414-O11_NODE_3	82556	83077	.	ab	0.0041013	492.83
gdiff	AG-414-O11_contigs.fasta	AG-917-P07_contigs.fasta	AG-414-O11_AG-414-O11_NODE_3	84611	85132	.	ab	4.7832e-08	584.64
gdiff	AG-414-O11_contigs.fasta	AG-917-P07_contigs.fasta	AG-414-O11_AG-414-O11_NODE_3	84913	85434	.	ab	4.7832e-08	584.64
gdiff	AG-414-O11_contigs.fasta	AG-917-P07_contigs.fasta	AG-414-O11_AG-414-O11_NODE_3	87040	87561	.	ab	4.7832e-08	584.64
gdiff	AG-414-O11_contigs.fasta	AG-917-P07_contigs.fasta	AG-414-O11_AG-414-O11_NODE_3	89059	89580	.	ab	0.11345	127.28
gdiff	AG-414-O11_contigs.fasta	AG-917-P07_contigs.fasta	AG-414-O11_AG-414-O11_NODE_3	89213	89734	.	ab	0.28578	3.3638
gdiff	AG-414-O11_contigs.fasta	AG-917-P07_contigs.fasta	AG-414-O11_AG-414-O11_NODE_3	90649	91170	.	ab	0.25637	8.592
gdiff	AG-414-O11_contigs.fasta	AG-917-P07_contigs.fasta	AG-414-O11_AG-414-O11_NODE_3	91472	91993	.	ab	0.32157	0.53027
gdiff	AG-414-O11_contigs.fasta	AG-917-P07_contigs.fasta	AG-414-O11_AG-414-O11_NODE_3	93244	93765	.	ab	0.23835	13.68
gdiff	AG-414-O11_contigs.fasta	AG-917-P07_contigs.fasta	AG-414-O11_AG-414-O11_NODE_3	95786	96307	.	ab	0.2465	11.17
gdiff	AG-414-O11_contigs.fasta	AG-917-P07_contigs.fasta	AG-414-O11_AG-414-O11_NODE_3	96333	96854	.	ab	0.26665	6.384
gdiff	AG-414-O11_contigs.fasta	AG-917-P07_contigs.fasta	AG-414-O11_AG-414-O11_NODE_3	97515	98036	.	ab	0.011817	445.43
gdiff	AG-414-O11_contigs.fasta	AG-917-P07_contigs.fasta	AG-414-O11_AG-414-O11_NODE_3	98187	98708	.	ab	0.001781	511.05
gdiff	AG-414-O11_contigs.fasta	AG-917-P07_contigs.fasta	AG-414-O11_AG-414-O11_NODE_3	99465	99986	.	ab	0.0017367	511.46
gdiff	AG-414-O11_contigs.fasta	AG-917-P07_contigs.fasta	AG-414-O11_AG-414-O11_NODE_3	102644	103165	.	ab	4.7832e-08	584.64
gdiff	AG-414-O11_contigs.fasta	AG-917-P07_contigs.fasta	AG-414-O11_AG-414-O11_NODE_3	105504	106025	.	ab	4.7832e-08	584.64
gdiff	AG-414-O11_contigs.fasta	AG-917-P07_contigs.fasta	AG-414-O11_AG-414-O11_NODE_3	106122	106643	.	ab	4.7832e-08	584.64
gdiff	AG-414-O11_contigs.fasta	AG-917-P07_contigs.fasta	AG-414-O11_AG-414-O11_NODE_3	106281	106802	.	ab	4.7832e-08	584.64
gdiff	AG-414-O11_contigs.fasta	AG-917-P07_contigs.fasta	AG-414-O11_AG-414-O11_NODE_3	108569	109090	.	ab	0.015512	425.57
gdiff	AG-414-O11_contigs.fasta	AG-917-P07_contigs.fasta	AG-414-O11_AG-414-O11_NODE_3	109161	109682	.	ab	0.023929	384.53
gdiff	AG-414-O11_contigs.fasta	AG-917-P07_contigs.fasta	AG-414-O11_AG-414-O11_NODE_3	109511	110032	.	ab	0.0092344	460.18
gdiff	AG-414-O11_contigs.fasta	AG-917-P07_contigs.fasta	AG-414-O11_AG-414-O11_NODE_3	110587	111108	.	ab	0.0010922	517.99
gdiff	AG-414-O11_contigs.fasta	AG-917-P07_contigs.fasta	AG-414-O11_AG-414-O11_NODE_3	111054	111575	.	ab	0.0062908	478.18
gdiff	AG-414-O11_contigs.fasta	AG-917-P07_contigs.fasta	AG-414-O11_AG-414-O11_NODE_3	112905	113426	.	ab	0.015584	425.2
gdiff	AG-414-O11_contigs.fasta	AG-917-P07_contigs.fasta	AG-414-O11_AG-414-O11_NODE_3	118014	118535	.	ab	0.018764	409.1
gdiff	AG-414-O11_contigs.fasta	AG-917-P07_contigs.fasta	AG-414-O11_AG-414-O11_NODE_3	119187	119708	.	ab	0.0044961	490.07
gdiff	AG-414-O11_contigs.fasta	AG-917-P07_contigs.fasta	AG-414-O11_AG-414-O11_NODE_3	119787	120308	.	ab	0.0047504	488.33
gdiff	AG-414-O11_contigs.fasta	AG-917-P07_contigs.fasta	AG-414-O11_AG-414-O11_NODE_3	120681	121202	.	ab	0.012579	441.22
gdiff	AG-414-O11_contigs.fasta	AG-917-P07_contigs.fasta	AG-414-O11_AG-414-O11_NODE_3	121963	122484	.	ab	0.013096	438.41
gdiff	AG-414-O11_contigs.fasta	AG-917-P07_contigs.fasta	AG-414-O11_AG-414-O11_NODE_3	124980	125501	.	ab	0.015672	424.74
gdiff	AG-414-O11_contigs.fasta	AG-917-P07_contigs.fasta	AG-414-O11_AG-414-O11_NODE_3	125380	125901	.	ab	0.028564	363.95
gdiff	AG-414-O11_contigs.fasta	AG-917-P07_contigs.fasta	AG-414-O11_AG-414-O11_NODE_3	128133	128654	.	ab	0.016923	418.32
gdiff	AG-414-O11_contigs.fasta	AG-917-P07_contigs.fasta	AG-414-O11_AG-414-O11_NODE_3	129280	129801	.	ab	0.014543	430.66
gdiff	AG-414-O11_contigs.fasta	AG-917-P07_contigs.fasta	AG-414-O11_AG-414-O11_NODE_3	132071	132592	.	ab	0.019634	404.83
gdiff	AG-414-O11_contigs.fasta	AG-917-P07_contigs.fasta	AG-414-O11_AG-414-O11_NODE_3	133282	133803	.	ab	0.012124	443.73
gdiff	AG-414-O11_contigs.fasta	AG-917-P07_contigs.fasta	AG-414-O11_AG-414-O11_NODE_3	134370	134891	.	ab	0.011994	444.45
gdiff	AG-414-O11_contigs.fasta	AG-917-P07_contigs.fasta	AG-414-O11_AG-414-O11_NODE_3	136195	136716	.	ab	0.01561	425.07
gdiff	AG-414-O11_contigs.fasta	AG-917-P07_contigs.fasta	AG-414-O11_AG-414-O11_NODE_3	136595	137116	.	ab	0.010608	452.23
gdiff	AG-414-O11_contigs.fasta	AG-917-P07_contigs.fasta	AG-414-O11_AG-414-O11_NODE_3	140685	141206	.	ab	0.014165	432.66
gdiff	AG-414-O11_contigs.fasta	AG-917-P07_contigs.fasta	AG-414-O11_AG-414-O11_NODE_3	141721	142242	.	ab	0.023929	384.53
gdiff	AG-414-O11_contigs.fasta	AG-917-P07_contigs.fasta	AG-414-O11_AG-414-O11_NODE_4	854	1375	.	ab	0.025936	375.46
gdiff	AG-414-O11_contigs.fasta	AG-917-P07_contigs.fasta	AG-414-O11_AG-414-O11_NODE_4	1902	2423	.	ab	0.034361	339.88
gdiff	AG-414-O11_contigs.fasta	AG-917-P07_contigs.fasta	AG-414-O11_AG-414-O11_NODE_4	4401	4922	.	ab	0.023956	384.41
gdiff	AG-414-O11_contigs.fasta	AG-917-P07_contigs.fasta	AG-414-O11_AG-414-O11_NODE_4	5683	6204	.	ab	0.016848	418.7
gdiff	AG-414-O11_contigs.fasta	AG-917-P07_contigs.fasta	AG-414-O11_AG-414-O11_NODE_4	6358	6879	.	ab	0.03322	344.48
gdiff	AG-414-O11_contigs.fasta	AG-917-P07_contigs.fasta	AG-414-O11_AG-414-O11_NODE_4	7184	7705	.	ab	0.023348	387.21
gdiff	AG-414-O11_contigs.fasta	AG-917-P07_contigs.fasta	AG-414-O11_AG-414-O11_NODE_4	7275	7796	.	ab	0.023912	384.62
gdiff	AG-414-O11_contigs.fasta	AG-917-P07_contigs.fasta	AG-414-O11_AG-414-O11_NODE_4	7823	8344	.	ab	0.012682	440.66
gdiff	AG-414-O11_contigs.fasta	AG-917-P07_contigs.fasta	AG-414-O11_AG-414-O11_NODE_4	8117	8638	.	ab	0.025936	375.46
gdiff	AG-414-O11_contigs.fasta	AG-917-P07_contigs.fasta	AG-414-O11_AG-414-O11_NODE_4	8422	8943	.	ab	0.03227	348.36
gdiff	AG-414-O11_contigs.fasta	AG-917-P07_contigs.fasta	AG-414-O11_AG-414-O11_NODE_4	8928	9449	.	ab	0.035629	334.84
gdiff	AG-414-O11_contigs.fasta	AG-917-P07_contigs.fasta	AG-414-O11_AG-414-O11_NODE_4	8947	9468	.	ab	0.037083	329.16
gdiff	AG-414-O11_contigs.fasta	AG-917-P07_contigs.fasta	AG-414-O11_AG-414-O11_NODE_4	11153	11674	.	ab	0.022227	392.43
gdiff	AG-414-O11_contigs.fasta	AG-917-P07_contigs.fasta	AG-414-O11_AG-414-O11_NODE_4	12314	12835	.	ab	0.0027798	502.64
gdiff	AG-414-O11_contigs.fasta	AG-917-P07_contigs.fasta	AG-414-O11_AG-414-O11_NODE_4	13606	14127	.	ab	0.0081104	466.88
gdiff	AG-414-O11_contigs.fasta	AG-917-P07_contigs.fasta	AG-414-O11_AG-414-O11_NODE_4	15183	15704	.	ab	0.0031474	499.8
gdiff	AG-414-O11_contigs.fasta	AG-917-P07_contigs.fasta	AG-414-O11_AG-414-O11_NODE_4	16716	17237	.	ab	0.0054772	483.46
gdiff	AG-414-O11_contigs.fasta	AG-917-P07_contigs.fasta	AG-414-O11_AG-414-O11_NODE_4	18203	18724	.	ab	0.0022832	506.66
gdiff	AG-414-O11_contigs.fasta	AG-917-P07_contigs.fasta	AG-414-O11_AG-414-O11_NODE_4	18862	19383	.	ab	0.0048022	487.98
gdiff	AG-414-O11_contigs.fasta	AG-917-P07_contigs.fasta	AG-414-O11_AG-414-O11_NODE_4	19799	20320	.	ab	0.0051107	485.89
gdiff	AG-414-O11_contigs.fasta	AG-917-P07_contigs.fasta	AG-414-O11_AG-414-O11_NODE_4	21151	21672	.	ab	0.018494	410.44
gdiff	AG-414-O11_contigs.fasta	AG-917-P07_contigs.fasta	AG-414-O11_AG-414-O11_NODE_4	27968	28489	.	ab	0.13286	96.693
gdiff	AG-414-O11_contigs.fasta	AG-917-P07_contigs.fasta	AG-414-O11_AG-414-O11_NODE_4	29469	29990	.	ab	0.0047963	488.01
gdiff	AG-414-O11_contigs.fasta	AG-917-P07_contigs.fasta	AG-414-O11_AG-414-O11_NODE_4	31903	32424	.	ab	0.035709	334.53
gdiff	AG-414-O11_contigs.fasta	AG-917-P07_contigs.fasta	AG-414-O11_AG-414-O11_NODE_4	32233	32754	.	ab	0.028331	364.95
gdiff	AG-414-O11_contigs.fasta	AG-917-P07_contigs.fasta	AG-414-O11_AG-414-O11_NODE_4	34310	34831	.	ab	0.033272	344.27
gdiff	AG-414-O11_contigs.fasta	AG-917-P07_contigs.fasta	AG-414-O11_AG-414-O11_NODE_4	35176	35697	.	ab	0.032855	345.97
gdiff	AG-414-O11_contigs.fasta	AG-917-P07_contigs.fasta	AG-414-O11_AG-414-O11_NODE_4	36146	36667	.	ab	0.036576	331.13
gdiff	AG-414-O11_contigs.fasta	AG-917-P07_contigs.fasta	AG-414-O11_AG-414-O11_NODE_4	38230	38751	.	ab	0.24979	10.256
gdiff	AG-414-O11_contigs.fasta	AG-917-P07_contigs.fasta	AG-414-O11_AG-414-O11_NODE_4	39164	39685	.	ab	0.026845	371.43
gdiff	AG-414-O11_contigs.fasta	AG-917-P07_contigs.fasta	AG-414-O11_AG-414-O11_NODE_4	39422	39943	.	ab	0.020794	399.23
gdiff	AG-414-O11_contigs.fasta	AG-917-P07_contigs.fasta	AG-414-O11_AG-414-O11_NODE_4	39868	40389	.	ab	0.015093	427.76
gdiff	AG-414-O11_contigs.fasta	AG-917-P07_contigs.fasta	AG-414-O11_AG-414-O11_NODE_4	40644	41165	.	ab	0.031322	352.28
gdiff	AG-414-O11_contigs.fasta	AG-917-P07_contigs.fasta	AG-414-O11_AG-414-O11_NODE_4	45069	45590	.	ab	0.0057006	481.99
gdiff	AG-414-O11_contigs.fasta	AG-917-P07_contigs.fasta	AG-414-O11_AG-414-O11_NODE_4	46028	46549	.	ab	0.011581	446.74
gdiff	AG-414-O11_contigs.fasta	AG-917-P07_contigs.fasta	AG-414-O11_AG-414-O11_NODE_4	49934	50455	.	ab	0.27333	5.1804
gdiff	AG-414-O11_contigs.fasta	AG-917-P07_contigs.fasta	AG-414-O11_AG-414-O11_NODE_4	50324	50845	.	ab	0.25468	8.9988
gdiff	AG-414-O11_contigs.fasta	AG-917-P07_contigs.fasta	AG-414-O11_AG-414-O11_NODE_4	52009	52530	.	ab	0.30421	1.527
gdiff	AG-414-O11_contigs.fasta	AG-917-P07_contigs.fasta	AG-414-O11_AG-414-O11_NODE_4	55230	55751	.	ab	0.26628	6.4551
gdiff	AG-414-O11_contigs.fasta	AG-917-P07_contigs.fasta	AG-414-O11_AG-414-O11_NODE_4	55644	56165	.	ab	0.2078	26.824
gdiff	AG-414-O11_contigs.fasta	AG-917-P07_contigs.fasta	AG-414-O11_AG-414-O11_NODE_4	56575	57096	.	ab	0.0013277	515.44
gdiff	AG-414-O11_contigs.fasta	AG-917-P07_contigs.fasta	AG-414-O11_AG-414-O11_NODE_4	56787	57308	.	ab	0.0015302	513.41
gdiff	AG-414-O11_contigs.fasta	AG-917-P07_contigs.fasta	AG-414-O11_AG-414-O11_NODE_4	57751	58272	.	ab	0.006149	479.08
gdiff	AG-414-O11_contigs.fasta	AG-917-P07_contigs.fasta	AG-414-O11_AG-414-O11_NODE_4	58469	58990	.	ab	0.007496	470.62
gdiff	AG-414-O11_contigs.fasta	AG-917-P07_contigs.fasta	AG-414-O11_AG-414-O11_NODE_4	58691	59212	.	ab	0.0061762	478.91
gdiff	AG-414-O11_contigs.fasta	AG-917-P07_contigs.fasta	AG-414-O11_AG-414-O11_NODE_4	60157	60678	.	ab	0.0021845	507.5
gdiff	AG-414-O11_contigs.fasta	AG-917-P07_contigs.fasta	AG-414-O11_AG-414-O11_NODE_4	60375	60896	.	ab	0.0026512	503.66
gdiff	AG-414-O11_contigs.fasta	AG-917-P07_contigs.fasta	AG-414-O11_AG-414-O11_NODE_4	62150	62671	.	ab	0.012781	440.12
gdiff	AG-414-O11_contigs.fasta	AG-917-P07_contigs.fasta	AG-414-O11_AG-414-O11_NODE_4	63432	63953	.	ab	0.0083246	465.58
gdiff	AG-414-O11_contigs.fasta	AG-917-P07_contigs.fasta	AG-414-O11_AG-414-O11_NODE_4	63543	64064	.	ab	0.014399	431.42
gdiff	AG-414-O11_contigs.fasta	AG-917-P07_contigs.fasta	AG-414-O11_AG-414-O11_NODE_4	63545	64066	.	ab	0.014257	432.17
gdiff	AG-414-O11_contigs.fasta	AG-917-P07_contigs.fasta	AG-414-O11_AG-414-O11_NODE_4	63791	64312	.	ab	0.016693	419.49
gdiff	AG-414-O11_contigs.fasta	AG-917-P07_contigs.fasta	AG-414-O11_AG-414-O11_NODE_4	64098	64619	.	ab	0.0051483	485.64
gdiff	AG-414-O11_contigs.fasta	AG-917-P07_contigs.fasta	AG-414-O11_AG-414-O11_NODE_4	65067	65588	.	ab	0.020045	402.83
gdiff	AG-414-O11_contigs.fasta	AG-917-P07_contigs.fasta	AG-414-O11_AG-414-O11_NODE_4	69604	70125	.	ab	0.0048654	487.55
gdiff	AG-414-O11_contigs.fasta	AG-917-P07_contigs.fasta	AG-414-O11_AG-414-O11_NODE_4	69733	70254	.	ab	0.0048161	487.88
gdiff	AG-414-O11_contigs.fasta	AG-917-P07_contigs.fasta	AG-414-O11_AG-414-O11_NODE_4	70413	70934	.	ab	4.7832e-08	584.64
gdiff	AG-414-O11_contigs.fasta	AG-917-P07_contigs.fasta	AG-414-O11_AG-414-O11_NODE_4	70799	71320	.	ab	0.0032121	499.31
gdiff	AG-414-O11_contigs.fasta	AG-917-P07_contigs.fasta	AG-414-O11_AG-414-O11_NODE_4	70855	71376	.	ab	0.0031805	499.55
gdiff	AG-414-O11_contigs.fasta	AG-917-P07_contigs.fasta	AG-414-O11_AG-414-O11_NODE_4	72160	72681	.	ab	0.00085629	520.83
gdiff	AG-414-O11_contigs.fasta	AG-917-P07_contigs.fasta	AG-414-O11_AG-414-O11_NODE_5	1329	1850	.	ab	0.0051182	485.84
gdiff	AG-414-O11_contigs.fasta	AG-917-P07_contigs.fasta	AG-414-O11_AG-414-O11_NODE_5	1573	2094	.	ab	0.0071866	472.53
gdiff	AG-414-O11_contigs.fasta	AG-917-P07_contigs.fasta	AG-414-O11_AG-414-O11_NODE_5	1765	2286	.	ab	0.0044194	490.6
gdiff	AG-414-O11_contigs.fasta	AG-917-P07_contigs.fasta	AG-414-O11_AG-414-O11_NODE_5	1880	2401	.	ab	0.0043243	491.27
gdiff	AG-414-O11_contigs.fasta	AG-917-P07_contigs.fasta	AG-414-O11_AG-414-O11_NODE_5	3523	4044	.	ab	0.0053602	484.23
gdiff	AG-414-O11_contigs.fasta	AG-917-P07_contigs.fasta	AG-414-O11_AG-414-O11_NODE_5	3938	4459	.	ab	0.006866	474.53
gdiff	AG-414-O11_contigs.fasta	AG-917-P07_contigs.fasta	AG-414-O11_AG-414-O11_NODE_5	7019	7540	.	ab	0.001028	518.73
gdiff	AG-414-O11_contigs.fasta	AG-917-P07_contigs.fasta	AG-414-O11_AG-414-O11_NODE_5	8553	9074	.	ab	0.0060779	479.54
gdiff	AG-414-O11_contigs.fasta	AG-917-P07_contigs.fasta	AG-414-O11_AG-414-O11_NODE_5	9806	10327	.	ab	0.0064829	476.95
gdiff	AG-414-O11_contigs.fasta	AG-917-P07_contigs.fasta	AG-414-O11_AG-414-O11_NODE_5	10847	11368	.	ab	0.0048283	487.8
gdiff	AG-414-O11_contigs.fasta	AG-917-P07_contigs.fasta	AG-414-O11_AG-414-O11_NODE_5	11108	11629	.	ab	0.010362	453.64
gdiff	AG-414-O11_contigs.fasta	AG-917-P07_contigs.fasta	AG-414-O11_AG-414-O11_NODE_5	11941	12462	.	ab	0.0065637	476.44
gdiff	AG-414-O11_contigs.fasta	AG-917-P07_contigs.fasta	AG-414-O11_AG-414-O11_NODE_5	12327	12848	.	ab	0.0086613	463.57
gdiff	AG-414-O11_contigs.fasta	AG-917-P07_contigs.fasta	AG-414-O11_AG-414-O11_NODE_5	13651	14172	.	ab	0.016821	418.84
gdiff	AG-414-O11_contigs.fasta	AG-917-P07_contigs.fasta	AG-414-O11_AG-414-O11_NODE_5	13860	14381	.	ab	0.018652	409.65
gdiff	AG-414-O11_contigs.fasta	AG-917-P07_contigs.fasta	AG-414-O11_AG-414-O11_NODE_5	16777	17298	.	ab	0.015467	425.81
gdiff	AG-414-O11_contigs.fasta	AG-917-P07_contigs.fasta	AG-414-O11_AG-414-O11_NODE_5	17495	18016	.	ab	0.0027806	502.63
gdiff	AG-414-O11_contigs.fasta	AG-917-P07_contigs.fasta	AG-414-O11_AG-414-O11_NODE_5	17518	18039	.	ab	0.0026267	503.85
gdiff	AG-414-O11_contigs.fasta	AG-917-P07_contigs.fasta	AG-414-O11_AG-414-O11_NODE_5	19122	19643	.	ab	4.7832e-08	584.64
gdiff	AG-414-O11_contigs.fasta	AG-917-P07_contigs.fasta	AG-414-O11_AG-414-O11_NODE_5	20389	20910	.	ab	0.0045064	490
gdiff	AG-414-O11_contigs.fasta	AG-917-P07_contigs.fasta	AG-414-O11_AG-414-O11_NODE_5	23139	23660	.	ab	0.00661	476.15
gdiff	AG-414-O11_contigs.fasta	AG-917-P07_contigs.fasta	AG-414-O11_AG-414-O11_NODE_5	23716	24237	.	ab	4.7832e-08	584.64
gdiff	AG-414-O11_contigs.fasta	AG-917-P07_contigs.fasta	AG-414-O11_AG-414-O11_NODE_5	25524	26045	.	ab	0.010679	451.83
gdiff	AG-414-O11_contigs.fasta	AG-917-P07_contigs.fasta	AG-414-O11_AG-414-O11_NODE_5	25707	26228	.	ab	0.011741	445.85
gdiff	AG-414-O11_contigs.fasta	AG-917-P07_contigs.fasta	AG-414-O11_AG-414-O11_NODE_5	26141	26662	.	ab	0.0062181	478.64
gdiff	AG-414-O11_contigs.fasta	AG-917-P07_contigs.fasta	AG-414-O11_AG-414-O11_NODE_5	27915	28436	.	ab	0.017146	417.19
gdiff	AG-414-O11_contigs.fasta	AG-917-P07_contigs.fasta	AG-414-O11_AG-414-O11_NODE_5	29663	30184	.	ab	0.027912	366.77
gdiff	AG-414-O11_contigs.fasta	AG-917-P07_contigs.fasta	AG-414-O11_AG-414-O11_NODE_5	31620	32141	.	ab	0.0090481	461.28
gdiff	AG-414-O11_contigs.fasta	AG-917-P07_contigs.fasta	AG-414-O11_AG-414-O11_NODE_5	32473	32994	.	ab	0.004783	488.11
gdiff	AG-414-O11_contigs.fasta	AG-917-P07_contigs.fasta	AG-414-O11_AG-414-O11_NODE_5	34757	35278	.	ab	0.027035	370.6
gdiff	AG-414-O11_contigs.fasta	AG-917-P07_contigs.fasta	AG-414-O11_AG-414-O11_NODE_5	36678	37199	.	ab	0.012104	443.84
gdiff	AG-414-O11_contigs.fasta	AG-917-P07_contigs.fasta	AG-414-O11_AG-414-O11_NODE_5	37179	37700	.	ab	0.035969	333.51
gdiff	AG-414-O11_contigs.fasta	AG-917-P07_contigs.fasta	AG-414-O11_AG-414-O11_NODE_5	37926	38447	.	ab	0.0086443	463.67
gdiff	AG-414-O11_contigs.fasta	AG-917-P07_contigs.fasta	AG-414-O11_AG-414-O11_NODE_5	41736	42257	.	ab	0.0048161	487.88
gdiff	AG-414-O11_contigs.fasta	AG-917-P07_contigs.fasta	AG-414-O11_AG-414-O11_NODE_5	42696	43217	.	ab	0.0061574	479.03
gdiff	AG-414-O11_contigs.fasta	AG-917-P07_contigs.fasta	AG-414-O11_AG-414-O11_NODE_5	42747	43268	.	ab	0.0081632	466.56
gdiff	AG-414-O11_contigs.fasta	AG-917-P07_contigs.fasta	AG-414-O11_AG-414-O11_NODE_5	43290	43811	.	ab	0.020794	399.23
gdiff	AG-414-O11_contigs.fasta	AG-917-P07_contigs.fasta	AG-414-O11_AG-414-O11_NODE_5	43529	44050	.	ab	0.018901	408.42
gdiff	AG-414-O11_contigs.fasta	AG-917-P07_contigs.fasta	AG-414-O11_AG-414-O11_NODE_5	43815	44336	.	ab	0.052729	273.71
gdiff	AG-414-O11_contigs.fasta	AG-917-P07_contigs.fasta	AG-414-O11_AG-414-O11_NODE_5	44503	45024	.	ab	0.023142	388.16
gdiff	AG-414-O11_contigs.fasta	AG-917-P07_contigs.fasta	AG-414-O11_AG-414-O11_NODE_5	44997	45518	.	ab	0.0091253	460.82
gdiff	AG-414-O11_contigs.fasta	AG-917-P07_contigs.fasta	AG-414-O11_AG-414-O11_NODE_5	46040	46561	.	ab	0.0076796	469.5
gdiff	AG-414-O11_contigs.fasta	AG-917-P07_contigs.fasta	AG-414-O11_AG-414-O11_NODE_5	48334	48855	.	ab	0.020648	399.92
gdiff	AG-414-O11_contigs.fasta	AG-917-P07_contigs.fasta	AG-414-O11_AG-414-O11_NODE_5	48697	49218	.	ab	0.0097524	457.15
gdiff	AG-414-O11_contigs.fasta	AG-917-P07_contigs.fasta	AG-414-O11_AG-414-O11_NODE_5	50509	51030	.	ab	0.012892	439.52
gdiff	AG-414-O11_contigs.fasta	AG-917-P07_contigs.fasta	AG-414-O11_AG-414-O11_NODE_5	50706	51227	.	ab	0.019869	403.69
gdiff	AG-414-O11_contigs.fasta	AG-917-P07_contigs.fasta	AG-414-O11_AG-414-O11_NODE_5	51307	51828	.	ab	0.025826	375.95
gdiff	AG-414-O11_contigs.fasta	AG-917-P07_contigs.fasta	AG-414-O11_AG-414-O11_NODE_5	53217	53738	.	ab	0.34998	0
gdiff	AG-414-O11_contigs.fasta	AG-917-P07_contigs.fasta	AG-414-O11_AG-414-O11_NODE_5	55128	55649	.	ab	0.089934	173.63
gdiff	AG-414-O11_contigs.fasta	AG-917-P07_contigs.fasta	AG-414-O11_AG-414-O11_NODE_5	55775	56296	.	ab	0.025263	378.48
gdiff	AG-414-O11_contigs.fasta	AG-917-P07_contigs.fasta	AG-414-O11_AG-414-O11_NODE_5	57388	57909	.	ab	0.010362	453.64
gdiff	AG-414-O11_contigs.fasta	AG-917-P07_contigs.fasta	AG-414-O11_AG-414-O11_NODE_5	57389	57910	.	ab	0.010362	453.64
gdiff	AG-414-O11_contigs.fasta	AG-917-P07_contigs.fasta	AG-414-O11_AG-414-O11_NODE_5	59967	60488	.	ab	0.002808	502.42
gdiff	AG-414-O11_contigs.fasta	AG-917-P07_contigs.fasta	AG-414-O11_AG-414-O11_NODE_5	60210	60731	.	ab	0.0061797	478.89
gdiff	AG-414-O11_contigs.fasta	AG-917-P07_contigs.fasta	AG-414-O11_AG-414-O11_NODE_5	60341	60862	.	ab	0.0059175	480.58
gdiff	AG-414-O11_contigs.fasta	AG-917-P07_contigs.fasta	AG-414-O11_AG-414-O11_NODE_5	61381	61902	.	ab	0.002953	501.29
gdiff	AG-414-O11_contigs.fasta	AG-917-P07_contigs.fasta	AG-414-O11_AG-414-O11_NODE_5	61499	62020	.	ab	0.0025105	504.79
gdiff	AG-414-O11_contigs.fasta	AG-917-P07_contigs.fasta	AG-414-O11_AG-414-O11_NODE_5	64027	64548	.	ab	0.0047504	488.33
gdiff	AG-414-O11_contigs.fasta	AG-917-P07_contigs.fasta	AG-414-O11_AG-414-O11_NODE_5	65853	66374	.	ab	0.015835	423.9
gdiff	AG-414-O11_contigs.fasta	AG-917-P07_contigs.fasta	AG-414-O11_AG-414-O11_NODE_5	65996	66517	.	ab	0.0075172	470.49
gdiff	AG-414-O11_contigs.fasta	AG-917-P07_contigs.fasta	AG-414-O11_AG-414-O11_NODE_5	68020	68541	.	ab	0.031515	351.48
gdiff	AG-414-O11_contigs.fasta	AG-917-P07_contigs.fasta	AG-414-O11_AG-414-O11_NODE_5	68029	68550	.	ab	0.032217	348.58
gdiff	AG-414-O11_contigs.fasta	AG-917-P07_contigs.fasta	AG-414-O11_AG-414-O11_NODE_5	69938	70459	.	ab	0.00040523	527.97
gdiff	AG-414-O11_contigs.fasta	AG-917-P07_contigs.fasta	AG-414-O11_AG-414-O11_NODE_5	70464	70985	.	ab	0.0091681	460.57
gdiff	AG-414-O11_contigs.fasta	AG-917-P07_contigs.fasta	AG-414-O11_AG-414-O11_NODE_5	70528	71049	.	ab	0.0090065	461.52
gdiff	AG-414-O11_contigs.fasta	AG-917-P07_contigs.fasta	AG-414-O11_AG-414-O11_NODE_5	70967	71488	.	ab	0.0068408	474.69
gdiff	AG-414-O11_contigs.fasta	AG-917-P07_contigs.fasta	AG-414-O11_AG-414-O11_NODE_6	3004	3525	.	ab	0.21781	21.795
gdiff	AG-414-O11_contigs.fasta	AG-917-P07_contigs.fasta	AG-414-O11_AG-414-O11_NODE_6	6583	7104	.	ab	0.26013	7.7302
gdiff	AG-414-O11_contigs.fasta	AG-917-P07_contigs.fasta	AG-414-O11_AG-414-O11_NODE_6	7701	8222	.	ab	0.23196	15.912
gdiff	AG-414-O11_contigs.fasta	AG-917-P07_contigs.fasta	AG-414-O11_AG-414-O11_NODE_6	8139	8660	.	ab	0.22149	20.133
gdiff	AG-414-O11_contigs.fasta	AG-917-P07_contigs.fasta	AG-414-O11_AG-414-O11_NODE_6	8301	8822	.	ab	0.2001	31.243
gdiff	AG-414-O11_contigs.fasta	AG-917-P07_contigs.fasta	AG-414-O11_AG-414-O11_NODE_6	8365	8886	.	ab	0.19562	34.053
gdiff	AG-414-O11_contigs.fasta	AG-917-P07_contigs.fasta	AG-414-O11_AG-414-O11_NODE_6	9639	10160	.	ab	0.2143	23.468
gdiff	AG-414-O11_contigs.fasta	AG-917-P07_contigs.fasta	AG-414-O11_AG-414-O11_NODE_6	11022	11543	.	ab	0.30421	1.527
gdiff	AG-414-O11_contigs.fasta	AG-917-P07_contigs.fasta	AG-414-O11_AG-414-O11_NODE_6	12329	12850	.	ab	0.25118	9.8883
gdiff	AG-414-O11_contigs.fasta	AG-917-P07_contigs.fasta	AG-414-O11_AG-414-O11_NODE_6	15367	15888	.	ab	0.27107	5.5689
gdiff	AG-414-O11_contigs.fasta	AG-917-P07_contigs.fasta	AG-414-O11_AG-414-O11_NODE_6	16514	17035	.	ab	0.25468	8.9988
gdiff	AG-414-O11_contigs.fasta	AG-917-P07_contigs.fasta	AG-414-O11_AG-414-O11_NODE_6	16524	17045	.	ab	0.26013	7.7302
gdiff	AG-414-O11_contigs.fasta	AG-917-P07_contigs.fasta	AG-414-O11_AG-414-O11_NODE_6	18262	18783	.	ab	0.20139	30.463
gdiff	AG-414-O11_contigs.fasta	AG-917-P07_contigs.fasta	AG-414-O11_AG-414-O11_NODE_6	18363	18884	.	ab	0.20753	26.967
gdiff	AG-414-O11_contigs.fasta	AG-917-P07_contigs.fasta	AG-414-O11_AG-414-O11_NODE_6	19394	19915	.	ab	0.19608	33.754
gdiff	AG-414-O11_contigs.fasta	AG-917-P07_contigs.fasta	AG-414-O11_AG-414-O11_NODE_6	20435	20956	.	ab	0.18559	41.015
gdiff	AG-414-O11_contigs.fasta	AG-917-P07_contigs.fasta	AG-414-O11_AG-414-O11_NODE_6	23107	23628	.	ab	0.10492	142.83
gdiff	AG-414-O11_contigs.fasta	AG-917-P07_contigs.fasta	AG-414-O11_AG-414-O11_NODE_6	25219	25740	.	ab	0.0091497	460.68
gdiff	AG-414-O11_contigs.fasta	AG-917-P07_contigs.fasta	AG-414-O11_AG-414-O11_NODE_6	26660	27181	.	ab	0.005386	484.06
gdiff	AG-414-O11_contigs.fasta	AG-917-P07_contigs.fasta	AG-414-O11_AG-414-O11_NODE_6	27529	28050	.	ab	0.012996	438.95
gdiff	AG-414-O11_contigs.fasta	AG-917-P07_contigs.fasta	AG-414-O11_AG-414-O11_NODE_6	29455	29976	.	ab	0.033533	343.21
gdiff	AG-414-O11_contigs.fasta	AG-917-P07_contigs.fasta	AG-414-O11_AG-414-O11_NODE_6	30205	30726	.	ab	0.0060391	479.79
gdiff	AG-414-O11_contigs.fasta	AG-917-P07_contigs.fasta	AG-414-O11_AG-414-O11_NODE_6	31237	31758	.	ab	0.013242	437.61
gdiff	AG-414-O11_contigs.fasta	AG-917-P07_contigs.fasta	AG-414-O11_AG-414-O11_NODE_6	33154	33675	.	ab	0.021647	395.16
gdiff	AG-414-O11_contigs.fasta	AG-917-P07_contigs.fasta	AG-414-O11_AG-414-O11_NODE_6	35654	36175	.	ab	0.0067133	475.49
gdiff	AG-414-O11_contigs.fasta	AG-917-P07_contigs.fasta	AG-414-O11_AG-414-O11_NODE_6	37222	37743	.	ab	0.0034888	497.25
gdiff	AG-414-O11_contigs.fasta	AG-917-P07_contigs.fasta	AG-414-O11_AG-414-O11_NODE_6	37930	38451	.	ab	0.028455	364.42
gdiff	AG-414-O11_contigs.fasta	AG-917-P07_contigs.fasta	AG-414-O11_AG-414-O11_NODE_6	38705	39226	.	ab	0.013284	437.39
gdiff	AG-414-O11_contigs.fasta	AG-917-P07_contigs.fasta	AG-414-O11_AG-414-O11_NODE_6	40757	41278	.	ab	0.014027	433.4
gdiff	AG-414-O11_contigs.fasta	AG-917-P07_contigs.fasta	AG-414-O11_AG-414-O11_NODE_6	43056	43577	.	ab	0.015764	424.27
gdiff	AG-414-O11_contigs.fasta	AG-917-P07_contigs.fasta	AG-414-O11_AG-414-O11_NODE_6	44428	44949	.	ab	4.7832e-08	584.64
gdiff	AG-414-O11_contigs.fasta	AG-917-P07_contigs.fasta	AG-414-O11_AG-414-O11_NODE_6	44681	45202	.	ab	4.7832e-08	584.64
gdiff	AG-414-O11_contigs.fasta	AG-917-P07_contigs.fasta	AG-414-O11_AG-414-O11_NODE_6	44736	45257	.	ab	4.7832e-08	584.64
gdiff	AG-414-O11_contigs.fasta	AG-917-P07_contigs.fasta	AG-414-O11_AG-414-O11_NODE_6	46221	46742	.	ab	4.7832e-08	584.64
gdiff	AG-414-O11_contigs.fasta	AG-917-P07_contigs.fasta	AG-414-O11_AG-414-O11_NODE_6	46652	47173	.	ab	0.0032444	499.07
gdiff	AG-414-O11_contigs.fasta	AG-917-P07_contigs.fasta	AG-414-O11_AG-414-O11_NODE_6	47869	48390	.	ab	0.0034223	497.74
gdiff	AG-414-O11_contigs.fasta	AG-917-P07_contigs.fasta	AG-414-O11_AG-414-O11_NODE_6	52220	52741	.	ab	0.013921	433.96
gdiff	AG-414-O11_contigs.fasta	AG-917-P07_contigs.fasta	AG-414-O11_AG-414-O11_NODE_6	52694	53215	.	ab	0.026653	372.28
gdiff	AG-414-O11_contigs.fasta	AG-917-P07_contigs.fasta	AG-414-O11_AG-414-O11_NODE_6	53409	53930	.	ab	0.013847	434.36
gdiff	AG-414-O11_contigs.fasta	AG-917-P07_contigs.fasta	AG-414-O11_AG-414-O11_NODE_6	53773	54294	.	ab	0.032144	348.88
gdiff	AG-414-O11_contigs.fasta	AG-917-P07_contigs.fasta	AG-414-O11_AG-414-O11_NODE_6	54082	54603	.	ab	0.030238	356.82
gdiff	AG-414-O11_contigs.fasta	AG-917-P07_contigs.fasta	AG-414-O11_AG-414-O11_NODE_6	59123	59644	.	ab	0.017013	417.86
gdiff	AG-414-O11_contigs.fasta	AG-917-P07_contigs.fasta	AG-414-O11_AG-414-O11_NODE_6	60251	60772	.	ab	0.0048283	487.8
gdiff	AG-414-O11_contigs.fasta	AG-917-P07_contigs.fasta	AG-414-O11_AG-414-O11_NODE_6	60488	61009	.	ab	0.0084631	464.75
gdiff	AG-414-O11_contigs.fasta	AG-917-P07_contigs.fasta	AG-414-O11_AG-414-O11_NODE_6	60695	61216	.	ab	0.0082555	466
gdiff	AG-414-O11_contigs.fasta	AG-917-P07_contigs.fasta	AG-414-O11_AG-414-O11_NODE_6	62025	62546	.	ab	4.7832e-08	584.64
gdiff	AG-414-O11_contigs.fasta	AG-917-P07_contigs.fasta	AG-414-O11_AG-414-O11_NODE_6	62107	62628	.	ab	4.7832e-08	584.64
gdiff	AG-414-O11_contigs.fasta	AG-917-P07_contigs.fasta	AG-414-O11_AG-414-O11_NODE_6	62478	62999	.	ab	4.7832e-08	584.64
gdiff	AG-414-O11_contigs.fasta	AG-917-P07_contigs.fasta	AG-414-O11_AG-414-O11_NODE_6	62710	63231	.	ab	0.00033479	529.53
gdiff	AG-414-O11_contigs.fasta	AG-917-P07_contigs.fasta	AG-414-O11_AG-414-O11_NODE_6	62948	63469	.	ab	0.0016368	512.39
gdiff	AG-414-O11_contigs.fasta	AG-917-P07_contigs.fasta	AG-414-O11_AG-414-O11_NODE_6	63315	63836	.	ab	4.7832e-08	584.64
gdiff	AG-414-O11_contigs.fasta	AG-917-P07_contigs.fasta	AG-414-O11_AG-414-O11_NODE_7	1086	1607	.	ab	0.00741	471.15
gdiff	AG-414-O11_contigs.fasta	AG-917-P07_contigs.fasta	AG-414-O11_AG-414-O11_NODE_7	4603	5124	.	ab	0.0047204	488.53
gdiff	AG-414-O11_contigs.fasta	AG-917-P07_contigs.fasta	AG-414-O11_AG-414-O11_NODE_7	5694	6215	.	ab	0.0061634	478.99
gdiff	AG-414-O11_contigs.fasta	AG-917-P07_contigs.fasta	AG-414-O11_AG-414-O11_NODE_7	6377	6898	.	ab	0.019441	405.77
gdiff	AG-414-O11_contigs.fasta	AG-917-P07_contigs.fasta	AG-414-O11_AG-414-O11_NODE_7	9052	9573	.	ab	0.0011037	517.86
gdiff	AG-414-O11_contigs.fasta	AG-917-P07_contigs.fasta	AG-414-O11_AG-414-O11_NODE_7	13193	13714	.	ab	0.0073923	471.26
gdiff	AG-414-O11_contigs.fasta	AG-917-P07_contigs.fasta	AG-414-O11_AG-414-O11_NODE_7	13714	14235	.	ab	0.036939	329.72
gdiff	AG-414-O11_contigs.fasta	AG-917-P07_contigs.fasta	AG-414-O11_AG-414-O11_NODE_7	14546	15067	.	ab	0.020844	398.99
gdiff	AG-414-O11_contigs.fasta	AG-917-P07_contigs.fasta	AG-414-O11_AG-414-O11_NODE_7	15923	16444	.	ab	4.7832e-08	584.64
gdiff	AG-414-O11_contigs.fasta	AG-917-P07_contigs.fasta	AG-414-O11_AG-414-O11_NODE_7	18211	18732	.	ab	0.017139	417.22
gdiff	AG-414-O11_contigs.fasta	AG-917-P07_contigs.fasta	AG-414-O11_AG-414-O11_NODE_7	18353	18874	.	ab	0.018038	412.7
gdiff	AG-414-O11_contigs.fasta	AG-917-P07_contigs.fasta	AG-414-O11_AG-414-O11_NODE_7	21470	21991	.	ab	0.0078884	468.22
gdiff	AG-414-O11_contigs.fasta	AG-917-P07_contigs.fasta	AG-414-O11_AG-414-O11_NODE_7	21536	22057	.	ab	0.0034157	497.79
gdiff	AG-414-O11_contigs.fasta	AG-917-P07_contigs.fasta	AG-414-O11_AG-414-O11_NODE_7	24191	24712	.	ab	0.10037	151.68
gdiff	AG-414-O11_contigs.fasta	AG-917-P07_contigs.fasta	AG-414-O11_AG-414-O11_NODE_7	24414	24935	.	ab	0.095018	162.66
gdiff	AG-414-O11_contigs.fasta	AG-917-P07_contigs.fasta	AG-414-O11_AG-414-O11_NODE_7	25213	25734	.	ab	0.082015	191.89
gdiff	AG-414-O11_contigs.fasta	AG-917-P07_contigs.fasta	AG-414-O11_AG-414-O11_NODE_7	25756	26277	.	ab	0.03244	347.66
gdiff	AG-414-O11_contigs.fasta	AG-917-P07_contigs.fasta	AG-414-O11_AG-414-O11_NODE_7	25886	26407	.	ab	0.01363	435.52
gdiff	AG-414-O11_contigs.fasta	AG-917-P07_contigs.fasta	AG-414-O11_AG-414-O11_NODE_7	27984	28505	.	ab	0.02799	366.43
gdiff	AG-414-O11_contigs.fasta	AG-917-P07_contigs.fasta	AG-414-O11_AG-414-O11_NODE_7	28532	29053	.	ab	0.0052577	484.91
gdiff	AG-414-O11_contigs.fasta	AG-917-P07_contigs.fasta	AG-414-O11_AG-414-O11_NODE_7	30294	30815	.	ab	0.10634	140.15
gdiff	AG-414-O11_contigs.fasta	AG-917-P07_contigs.fasta	AG-414-O11_AG-414-O11_NODE_7	31304	31825	.	ab	0.1571	66.679
gdiff	AG-414-O11_contigs.fasta	AG-917-P07_contigs.fasta	AG-414-O11_AG-414-O11_NODE_7	32687	33208	.	ab	0.0099216	456.17
gdiff	AG-414-O11_contigs.fasta	AG-917-P07_contigs.fasta	AG-414-O11_AG-414-O11_NODE_7	33416	33937	.	ab	0.0076167	469.88
gdiff	AG-414-O11_contigs.fasta	AG-917-P07_contigs.fasta	AG-414-O11_AG-414-O11_NODE_7	34143	34664	.	ab	0.031637	350.97
gdiff	AG-414-O11_contigs.fasta	AG-917-P07_contigs.fasta	AG-414-O11_AG-414-O11_NODE_7	34538	35059	.	ab	0.023538	386.33
gdiff	AG-414-O11_contigs.fasta	AG-917-P07_contigs.fasta	AG-414-O11_AG-414-O11_NODE_7	34883	35404	.	ab	0.0017163	511.65
gdiff	AG-414-O11_contigs.fasta	AG-917-P07_contigs.fasta	AG-414-O11_AG-414-O11_NODE_7	36118	36639	.	ab	0.0086443	463.67
gdiff	AG-414-O11_contigs.fasta	AG-917-P07_contigs.fasta	AG-414-O11_AG-414-O11_NODE_7	36321	36842	.	ab	0.029622	359.42
gdiff	AG-414-O11_contigs.fasta	AG-917-P07_contigs.fasta	AG-414-O11_AG-414-O11_NODE_7	37025	37546	.	ab	0.0087655	462.95
gdiff	AG-414-O11_contigs.fasta	AG-917-P07_contigs.fasta	AG-414-O11_AG-414-O11_NODE_7	37903	38424	.	ab	4.7832e-08	584.64
gdiff	AG-414-O11_contigs.fasta	AG-917-P07_contigs.fasta	AG-414-O11_AG-414-O11_NODE_7	37907	38428	.	ab	4.7832e-08	584.64
gdiff	AG-414-O11_contigs.fasta	AG-917-P07_contigs.fasta	AG-414-O11_AG-414-O11_NODE_7	40173	40694	.	ab	0.0043308	491.22
gdiff	AG-414-O11_contigs.fasta	AG-917-P07_contigs.fasta	AG-414-O11_AG-414-O11_NODE_7	42254	42775	.	ab	0.020107	402.53
gdiff	AG-414-O11_contigs.fasta	AG-917-P07_contigs.fasta	AG-414-O11_AG-414-O11_NODE_7	42429	42950	.	ab	0.043503	305.21
gdiff	AG-414-O11_contigs.fasta	AG-917-P07_contigs.fasta	AG-414-O11_AG-414-O11_NODE_7	44593	45114	.	ab	0.007271	472.01
gdiff	AG-414-O11_contigs.fasta	AG-917-P07_contigs.fasta	AG-414-O11_AG-414-O11_NODE_7	45389	45910	.	ab	0.0013262	515.46
gdiff	AG-414-O11_contigs.fasta	AG-917-P07_contigs.fasta	AG-414-O11_AG-414-O11_NODE_8	178	699	.	ab	0.026607	372.48
gdiff	AG-414-O11_contigs.fasta	AG-917-P07_contigs.fasta	AG-414-O11_AG-414-O11_NODE_8	256	777	.	ab	0.022594	390.71
gdiff	AG-414-O11_contigs.fasta	AG-917-P07_contigs.fasta	AG-414-O11_AG-414-O11_NODE_8	581	1102	.	ab	0.022582	390.77
gdiff	AG-414-O11_contigs.fasta	AG-917-P07_contigs.fasta	AG-414-O11_AG-414-O11_NODE_8	788	1309	.	ab	0.024569	381.62
gdiff	AG-414-O11_contigs.fasta	AG-917-P07_contigs.fasta	AG-414-O11_AG-414-O11_NODE_8	3074	3595	.	ab	0.034991	337.37
gdiff	AG-414-O11_contigs.fasta	AG-917-P07_contigs.fasta	AG-414-O11_AG-414-O11_NODE_8	5315	5836	.	ab	0.018554	410.14
gdiff	AG-414-O11_contigs.fasta	AG-917-P07_contigs.fasta	AG-414-O11_AG-414-O11_NODE_8	6176	6697	.	ab	0.027573	368.24
gdiff	AG-414-O11_contigs.fasta	AG-917-P07_contigs.fasta	AG-414-O11_AG-414-O11_NODE_8	7718	8239	.	ab	0.056711	261.07
gdiff	AG-414-O11_contigs.fasta	AG-917-P07_contigs.fasta	AG-414-O11_AG-414-O11_NODE_8	11096	11617	.	ab	0.28159	3.9176
gdiff	AG-414-O11_contigs.fasta	AG-917-P07_contigs.fasta	AG-414-O11_AG-414-O11_NODE_8	11806	12327	.	ab	0.29157	2.6867
gdiff	AG-414-O11_contigs.fasta	AG-917-P07_contigs.fasta	AG-414-O11_AG-414-O11_NODE_8	12249	12770	.	ab	0.31692	0.73798
gdiff	AG-414-O11_contigs.fasta	AG-917-P07_contigs.fasta	AG-414-O11_AG-414-O11_NODE_8	13293	13814	.	ab	0.26026	7.7012
gdiff	AG-414-O11_contigs.fasta	AG-917-P07_contigs.fasta	AG-414-O11_AG-414-O11_NODE_8	16909	17430	.	ab	0.32157	0.53027
gdiff	AG-414-O11_contigs.fasta	AG-917-P07_contigs.fasta	AG-414-O11_AG-414-O11_NODE_8	19845	20366	.	ab	0.32157	0.53027
gdiff	AG-414-O11_contigs.fasta	AG-917-P07_contigs.fasta	AG-414-O11_AG-414-O11_NODE_8	20045	20566	.	ab	0.30421	1.527
gdiff	AG-414-O11_contigs.fasta	AG-917-P07_contigs.fasta	AG-414-O11_AG-414-O11_NODE_8	20956	21477	.	ab	0.25824	8.1555
gdiff	AG-414-O11_contigs.fasta	AG-917-P07_contigs.fasta	AG-414-O11_AG-414-O11_NODE_8	20986	21507	.	ab	0.25292	9.4383
gdiff	AG-414-O11_contigs.fasta	AG-917-P07_contigs.fasta	AG-414-O11_AG-414-O11_NODE_8	21191	21712	.	ab	0.22874	17.132
gdiff	AG-414-O11_contigs.fasta	AG-917-P07_contigs.fasta	AG-414-O11_AG-414-O11_NODE_8	21532	22053	.	ab	0.2622	7.2842
gdiff	AG-414-O11_contigs.fasta	AG-917-P07_contigs.fasta	AG-414-O11_AG-414-O11_NODE_8	22138	22659	.	ab	0.30421	1.527
gdiff	AG-414-O11_contigs.fasta	AG-917-P07_contigs.fasta	AG-414-O11_AG-414-O11_NODE_8	22419	22940	.	ab	0.30421	1.527
gdiff	AG-414-O11_contigs.fasta	AG-917-P07_contigs.fasta	AG-414-O11_AG-414-O11_NODE_8	23165	23686	.	ab	nan	nan
gdiff	AG-414-O11_contigs.fasta	AG-917-P07_contigs.fasta	AG-414-O11_AG-414-O11_NODE_8	25599	26120	.	ab	0.31692	0.73798
gdiff	AG-414-O11_contigs.fasta	AG-917-P07_contigs.fasta	AG-414-O11_AG-414-O11_NODE_8	26594	27115	.	ab	0.32157	0.53027
gdiff	AG-414-O11_contigs.fasta	AG-917-P07_contigs.fasta	AG-414-O11_AG-414-O11_NODE_8	26778	27299	.	ab	0.34998	0
gdiff	AG-414-O11_contigs.fasta	AG-917-P07_contigs.fasta	AG-414-O11_AG-414-O11_NODE_8	27925	28446	.	ab	0.30421	1.527
gdiff	AG-414-O11_contigs.fasta	AG-917-P07_contigs.fasta	AG-414-O11_AG-414-O11_NODE_8	28173	28694	.	ab	0.32157	0.53027
gdiff	AG-414-O11_contigs.fasta	AG-917-P07_contigs.fasta	AG-414-O11_AG-414-O11_NODE_8	28859	29380	.	ab	0.32157	0.53027
gdiff	AG-414-O11_contigs.fasta	AG-917-P07_contigs.fasta	AG-414-O11_AG-414-O11_NODE_8	29474	29995	.	ab	0.34998	0
gdiff	AG-414-O11_contigs.fasta	AG-917-P07_contigs.fasta	AG-414-O11_AG-414-O11_NODE_8	29807	30328	.	ab	0.32157	0.53027
gdiff	AG-414-O11_contigs.fasta	AG-917-P07_contigs.fasta	AG-414-O11_AG-414-O11_NODE_8	33387	33908	.	ab	0.10025	151.94
gdiff	AG-414-O11_contigs.fasta	AG-917-P07_contigs.fasta	AG-414-O11_AG-414-O11_NODE_8	36516	37037	.	ab	0.2171	22.125
gdiff	AG-414-O11_contigs.fasta	AG-917-P07_contigs.fasta	AG-414-O11_AG-414-O11_NODE_8	37818	38339	.	ab	0.25637	8.592
gdiff	AG-414-O11_contigs.fasta	AG-917-P07_contigs.fasta	AG-414-O11_AG-414-O11_NODE_8	38097	38618	.	ab	0.23111	16.227
gdiff	AG-414-O11_contigs.fasta	AG-917-P07_contigs.fasta	AG-414-O11_AG-414-O11_NODE_8	38347	38868	.	ab	0.25243	9.5633
gdiff	AG-414-O11_contigs.fasta	AG-917-P07_contigs.fasta	AG-414-O11_AG-414-O11_NODE_8	38617	39138	.	ab	0.26705	6.306
gdiff	AG-414-O11_contigs.fasta	AG-917-P07_contigs.fasta	AG-414-O11_AG-414-O11_NODE_8	39358	39879	.	ab	0.25468	8.9988
gdiff	AG-414-O11_contigs.fasta	AG-917-P07_contigs.fasta	AG-414-O11_AG-414-O11_NODE_8	39491	40012	.	ab	0.26628	6.4551
gdiff	AG-414-O11_contigs.fasta	AG-917-P07_contigs.fasta	AG-414-O11_AG-414-O11_NODE_8	42246	42767	.	ab	0.075763	207.36
gdiff	AG-414-O11_contigs.fasta	AG-917-P07_contigs.fasta	AG-414-O11_AG-414-O11_NODE_8	43884	44405	.	ab	0.11305	127.98
gdiff	AG-414-O11_contigs.fasta	AG-917-P07_contigs.fasta	AG-414-O11_AG-414-O11_NODE_9	1485	2006	.	ab	0.003329	498.43
gdiff	AG-414-O11_contigs.fasta	AG-917-P07_contigs.fasta	AG-414-O11_AG-414-O11_NODE_9	1938	2459	.	ab	0.071531	218.4
gdiff	AG-414-O11_contigs.fasta	AG-917-P07_contigs.fasta	AG-414-O11_AG-414-O11_NODE_9	3465	3986	.	ab	0.18193	43.812
gdiff	AG-414-O11_contigs.fasta	AG-917-P07_contigs.fasta	AG-414-O11_AG-414-O11_NODE_9	5690	6211	.	ab	0.1218	113.34
gdiff	AG-414-O11_contigs.fasta	AG-917-P07_contigs.fasta	AG-414-O11_AG-414-O11_NODE_9	5962	6483	.	ab	0.12044	115.52
gdiff	AG-414-O11_contigs.fasta	AG-917-P07_contigs.fasta	AG-414-O11_AG-414-O11_NODE_9	6678	7199	.	ab	0.040318	316.87
gdiff	AG-414-O11_contigs.fasta	AG-917-P07_contigs.fasta	AG-414-O11_AG-414-O11_NODE_9	8697	9218	.	ab	0.14725	77.87
gdiff	AG-414-O11_contigs.fasta	AG-917-P07_contigs.fasta	AG-414-O11_AG-414-O11_NODE_9	10613	11134	.	ab	0.11195	129.92
gdiff	AG-414-O11_contigs.fasta	AG-917-P07_contigs.fasta	AG-414-O11_AG-414-O11_NODE_9	11789	12310	.	ab	0.0017031	511.77
gdiff	AG-414-O11_contigs.fasta	AG-917-P07_contigs.fasta	AG-414-O11_AG-414-O11_NODE_9	13362	13883	.	ab	0.0032773	498.82
gdiff	AG-414-O11_contigs.fasta	AG-917-P07_contigs.fasta	AG-414-O11_AG-414-O11_NODE_9	13749	14270	.	ab	0.0020847	508.35
gdiff	AG-414-O11_contigs.fasta	AG-917-P07_contigs.fasta	AG-414-O11_AG-414-O11_NODE_9	14424	14945	.	ab	0.29157	2.6867
gdiff	AG-414-O11_contigs.fasta	AG-917-P07_contigs.fasta	AG-414-O11_AG-414-O11_NODE_9	15010	15531	.	ab	0.30067	1.811
gdiff	AG-414-O11_contigs.fasta	AG-917-P07_contigs.fasta	AG-414-O11_AG-414-O11_NODE_9	19126	19647	.	ab	4.7832e-08	584.64
gdiff	AG-414-O11_contigs.fasta	AG-917-P07_contigs.fasta	AG-414-O11_AG-414-O11_NODE_9	19363	19884	.	ab	4.7832e-08	584.64
gdiff	AG-414-O11_contigs.fasta	AG-917-P07_contigs.fasta	AG-414-O11_AG-414-O11_NODE_9	21547	22068	.	ab	0.25292	9.4383
gdiff	AG-414-O11_contigs.fasta	AG-917-P07_contigs.fasta	AG-414-O11_AG-414-O11_NODE_9	21664	22185	.	ab	0.24814	10.708
gdiff	AG-414-O11_contigs.fasta	AG-917-P07_contigs.fasta	AG-414-O11_AG-414-O11_NODE_9	21980	22501	.	ab	0.096821	158.89
gdiff	AG-414-O11_contigs.fasta	AG-917-P07_contigs.fasta	AG-414-O11_AG-414-O11_NODE_9	23290	23811	.	ab	0.32157	0.53027
gdiff	AG-414-O11_contigs.fasta	AG-917-P07_contigs.fasta	AG-414-O11_AG-414-O11_NODE_9	23311	23832	.	ab	0.32157	0.53027
gdiff	AG-414-O11_contigs.fasta	AG-917-P07_contigs.fasta	AG-414-O11_AG-414-O11_NODE_9	24630	25151	.	ab	0.27905	4.2809
gdiff	AG-414-O11_contigs.fasta	AG-917-P07_contigs.fasta	AG-414-O11_AG-414-O11_NODE_9	24995	25516	.	ab	0.29157	2.6867
gdiff	AG-414-O11_contigs.fasta	AG-917-P07_contigs.fasta	AG-414-O11_AG-414-O11_NODE_9	25416	25937	.	ab	0.25468	8.9988
gdiff	AG-414-O11_contigs.fasta	AG-917-P07_contigs.fasta	AG-414-O11_AG-414-O11_NODE_9	26058	26579	.	ab	0.32157	0.53027
gdiff	AG-414-O11_contigs.fasta	AG-917-P07_contigs.fasta	AG-414-O11_AG-414-O11_NODE_9	26416	26937	.	ab	0.30421	1.527
gdiff	AG-414-O11_contigs.fasta	AG-917-P07_contigs.fasta	AG-414-O11_AG-414-O11_NODE_9	26881	27402	.	ab	0.27905	4.2809
gdiff	AG-414-O11_contigs.fasta	AG-917-P07_contigs.fasta	AG-414-O11_AG-414-O11_NODE_9	30715	31236	.	ab	0.072093	216.91
gdiff	AG-414-O11_contigs.fasta	AG-917-P07_contigs.fasta	AG-414-O11_AG-414-O11_NODE_9	32000	32521	.	ab	0.025453	377.62
gdiff	AG-414-O11_contigs.fasta	AG-917-P07_contigs.fasta	AG-414-O11_AG-414-O11_NODE_9	32991	33512	.	ab	0.025005	379.64
gdiff	AG-414-O11_contigs.fasta	AG-917-P07_contigs.fasta	AG-414-O11_AG-414-O11_NODE_9	33340	33861	.	ab	0.015764	424.27
gdiff	AG-414-O11_contigs.fasta	AG-917-P07_contigs.fasta	AG-414-O11_AG-414-O11_NODE_9	35838	36359	.	ab	0.0028924	501.76
gdiff	AG-414-O11_contigs.fasta	AG-917-P07_contigs.fasta	AG-414-O11_AG-414-O11_NODE_9	37009	37530	.	ab	0.010601	452.27
gdiff	AG-414-O11_contigs.fasta	AG-917-P07_contigs.fasta	AG-414-O11_AG-414-O11_NODE_9	37109	37630	.	ab	0.018041	412.69
gdiff	AG-414-O11_contigs.fasta	AG-917-P07_contigs.fasta	AG-414-O11_AG-414-O11_NODE_9	37424	37945	.	ab	0.015072	427.87
gdiff	AG-414-O11_contigs.fasta	AG-917-P07_contigs.fasta	AG-414-O11_AG-414-O11_NODE_9	38684	39205	.	ab	0.0090397	461.32
gdiff	AG-414-O11_contigs.fasta	AG-917-P07_contigs.fasta	AG-414-O11_AG-414-O11_NODE_9	39122	39643	.	ab	0.015952	423.3
gdiff	AG-414-O11_contigs.fasta	AG-917-P07_contigs.fasta	AG-414-O11_AG-414-O11_NODE_9	39920	40441	.	ab	0.021365	396.5
gdiff	AG-414-O11_contigs.fasta	AG-917-P07_contigs.fasta	AG-414-O11_AG-414-O11_NODE_9	40031	40552	.	ab	0.035258	336.31
gdiff	AG-414-O11_contigs.fasta	AG-917-P07_contigs.fasta	AG-414-O11_AG-414-O11_NODE_10	552	1073	.	ab	0.022735	390.05
gdiff	AG-414-O11_contigs.fasta	AG-917-P07_contigs.fasta	AG-414-O11_AG-414-O11_NODE_10	562	1083	.	ab	0.022735	390.05
gdiff	AG-414-O11_contigs.fasta	AG-917-P07_contigs.fasta	AG-414-O11_AG-414-O11_NODE_10	4871	5392	.	ab	0.0078884	468.22
gdiff	AG-414-O11_contigs.fasta	AG-917-P07_contigs.fasta	AG-414-O11_AG-414-O11_NODE_10	5032	5553	.	ab	0.019387	406.04
gdiff	AG-414-O11_contigs.fasta	AG-917-P07_contigs.fasta	AG-414-O11_AG-414-O11_NODE_10	5888	6409	.	ab	0.014847	429.05
gdiff	AG-414-O11_contigs.fasta	AG-917-P07_contigs.fasta	AG-414-O11_AG-414-O11_NODE_10	7276	7797	.	ab	0.035854	333.96
gdiff	AG-414-O11_contigs.fasta	AG-917-P07_contigs.fasta	AG-414-O11_AG-414-O11_NODE_10	9683	10204	.	ab	0.016455	420.71
gdiff	AG-414-O11_contigs.fasta	AG-917-P07_contigs.fasta	AG-414-O11_AG-414-O11_NODE_10	10493	11014	.	ab	0.023564	386.21
gdiff	AG-414-O11_contigs.fasta	AG-917-P07_contigs.fasta	AG-414-O11_AG-414-O11_NODE_10	12143	12664	.	ab	0.037451	327.74
gdiff	AG-414-O11_contigs.fasta	AG-917-P07_contigs.fasta	AG-414-O11_AG-414-O11_NODE_10	14467	14988	.	ab	0.026044	374.98
gdiff	AG-414-O11_contigs.fasta	AG-917-P07_contigs.fasta	AG-414-O11_AG-414-O11_NODE_10	14941	15462	.	ab	0.031196	352.8
gdiff	AG-414-O11_contigs.fasta	AG-917-P07_contigs.fasta	AG-414-O11_AG-414-O11_NODE_10	15297	15818	.	ab	0.02582	375.98
gdiff	AG-414-O11_contigs.fasta	AG-917-P07_contigs.fasta	AG-414-O11_AG-414-O11_NODE_10	15454	15975	.	ab	0.012967	439.1
gdiff	AG-414-O11_contigs.fasta	AG-917-P07_contigs.fasta	AG-414-O11_AG-414-O11_NODE_10	15660	16181	.	ab	0.0095163	458.53
gdiff	AG-414-O11_contigs.fasta	AG-917-P07_contigs.fasta	AG-414-O11_AG-414-O11_NODE_10	18988	19509	.	ab	0.010067	455.33
gdiff	AG-414-O11_contigs.fasta	AG-917-P07_contigs.fasta	AG-414-O11_AG-414-O11_NODE_10	19262	19783	.	ab	0.0071866	472.53
gdiff	AG-414-O11_contigs.fasta	AG-917-P07_contigs.fasta	AG-414-O11_AG-414-O11_NODE_10	20171	20692	.	ab	0.014247	432.22
gdiff	AG-414-O11_contigs.fasta	AG-917-P07_contigs.fasta	AG-414-O11_AG-414-O11_NODE_10	20467	20988	.	ab	0.010608	452.23
gdiff	AG-414-O11_contigs.fasta	AG-917-P07_contigs.fasta	AG-414-O11_AG-414-O11_NODE_10	20818	21339	.	ab	0.011581	446.74
gdiff	AG-414-O11_contigs.fasta	AG-917-P07_contigs.fasta	AG-414-O11_AG-414-O11_NODE_10	22886	23407	.	ab	0.0019993	509.09
gdiff	AG-414-O11_contigs.fasta	AG-917-P07_contigs.fasta	AG-414-O11_AG-414-O11_NODE_10	23848	24369	.	ab	0.01489	428.83
gdiff	AG-414-O11_contigs.fasta	AG-917-P07_contigs.fasta	AG-414-O11_AG-414-O11_NODE_11	288	809	.	ab	0.11407	126.21
gdiff	AG-414-O11_contigs.fasta	AG-917-P07_contigs.fasta	AG-414-O11_AG-414-O11_NODE_11	2776	3297	.	ab	0.020039	402.86
gdiff	AG-414-O11_contigs.fasta	AG-917-P07_contigs.fasta	AG-414-O11_AG-414-O11_NODE_11	2968	3489	.	ab	0.009137	460.75
gdiff	AG-414-O11_contigs.fasta	AG-917-P07_contigs.fasta	AG-414-O11_AG-414-O11_NODE_11	3026	3547	.	ab	0.0098517	456.58
gdiff	AG-414-O11_contigs.fasta	AG-917-P07_contigs.fasta	AG-414-O11_AG-414-O11_NODE_11	3257	3778	.	ab	0.0042142	492.04
gdiff	AG-414-O11_contigs.fasta	AG-917-P07_contigs.fasta	AG-414-O11_AG-414-O11_NODE_11	3412	3933	.	ab	0.005386	484.06
gdiff	AG-414-O11_contigs.fasta	AG-917-P07_contigs.fasta	AG-414-O11_AG-414-O11_NODE_11	4450	4971	.	ab	0.031616	351.06
gdiff	AG-414-O11_contigs.fasta	AG-917-P07_contigs.fasta	AG-414-O11_AG-414-O11_NODE_11	6068	6589	.	ab	4.7832e-08	584.64
gdiff	AG-414-O11_contigs.fasta	AG-917-P07_contigs.fasta	AG-414-O11_AG-414-O11_NODE_11	6926	7447	.	ab	0.0033109	498.57
gdiff	AG-414-O11_contigs.fasta	AG-917-P07_contigs.fasta	AG-414-O11_AG-414-O11_NODE_11	11084	11605	.	ab	0.041638	311.98
gdiff	AG-414-O11_contigs.fasta	AG-917-P07_contigs.fasta	AG-414-O11_AG-414-O11_NODE_11	12037	12558	.	ab	0.020055	402.78
gdiff	AG-414-O11_contigs.fasta	AG-917-P07_contigs.fasta	AG-414-O11_AG-414-O11_NODE_11	14831	15352	.	ab	0.018819	408.83
gdiff	AG-414-O11_contigs.fasta	AG-917-P07_contigs.fasta	AG-414-O11_AG-414-O11_NODE_11	15795	16316	.	ab	0.019976	403.17
gdiff	AG-414-O11_contigs.fasta	AG-917-P07_contigs.fasta	AG-414-O11_AG-414-O11_NODE_11	16624	17145	.	ab	0.010738	451.49
gdiff	AG-414-O11_contigs.fasta	AG-917-P07_contigs.fasta	AG-414-O11_AG-414-O11_NODE_11	17130	17651	.	ab	0.038211	324.82
gdiff	AG-414-O11_contigs.fasta	AG-917-P07_contigs.fasta	AG-414-O11_AG-414-O11_NODE_12	138	659	.	ab	4.7832e-08	584.64
gdiff	AG-414-O11_contigs.fasta	AG-917-P07_contigs.fasta	AG-414-O11_AG-414-O11_NODE_12	749	1270	.	ab	0.0017221	511.59
gdiff	AG-414-O11_contigs.fasta	AG-917-P07_contigs.fasta	AG-414-O11_AG-414-O11_NODE_12	1744	2265	.	ab	0.0091324	460.78
gdiff	AG-414-O11_contigs.fasta	AG-917-P07_contigs.fasta	AG-414-O11_AG-414-O11_NODE_12	1778	2299	.	ab	0.015025	428.12
gdiff	AG-414-O11_contigs.fasta	AG-917-P07_contigs.fasta	AG-414-O11_AG-414-O11_NODE_12	3452	3973	.	ab	nan	nan
gdiff	AG-414-O11_contigs.fasta	AG-917-P07_contigs.fasta	AG-414-O11_AG-414-O11_NODE_12	6032	6553	.	ab	0.27905	4.2809
gdiff	AG-414-O11_contigs.fasta	AG-917-P07_contigs.fasta	AG-414-O11_AG-414-O11_NODE_12	11835	12356	.	ab	0.074174	211.45
gdiff	AG-414-O11_contigs.fasta	AG-917-P07_contigs.fasta	AG-414-O11_AG-414-O11_NODE_12	12934	13455	.	ab	4.7832e-08	584.64
gdiff	AG-414-O11_contigs.fasta	AG-917-P07_contigs.fasta	AG-414-O11_AG-414-O11_NODE_12	14235	14756	.	ab	0.0038157	494.87
gdiff	AG-414-O11_contigs.fasta	AG-917-P07_contigs.fasta	AG-414-O11_AG-414-O11_NODE_12	15503	16024	.	ab	0.00097989	519.3
gdiff	AG-414-O11_contigs.fasta	AG-917-P07_contigs.fasta	AG-414-O11_AG-414-O11_NODE_12	16667	17188	.	ab	0.0036653	495.96
gdiff	AG-414-O11_contigs.fasta	AG-917-P07_contigs.fasta	AG-414-O11_AG-414-O11_NODE_12	17935	18456	.	ab	0.025337	378.15
gdiff	AG-414-O11_contigs.fasta	AG-917-P07_contigs.fasta	AG-414-O11_AG-414-O11_NODE_12	18051	18572	.	ab	0.013738	434.94
gdiff	AG-414-O11_contigs.fasta	AG-917-P07_contigs.fasta	AG-414-O11_AG-414-O11_NODE_13	30	551	.	ab	0.27333	5.1804
gdiff	AG-414-O11_contigs.fasta	AG-917-P07_contigs.fasta	AG-414-O11_AG-414-O11_NODE_13	6464	6985	.	ab	0.0013665	515.05
gdiff	AG-414-O11_contigs.fasta	AG-917-P07_contigs.fasta	AG-414-O11_AG-414-O11_NODE_13	7278	7799	.	ab	4.7832e-08	584.64
gdiff	AG-414-O11_contigs.fasta	AG-917-P07_contigs.fasta	AG-414-O11_AG-414-O11_NODE_13	7321	7842	.	ab	4.7832e-08	584.64
gdiff	AG-414-O11_contigs.fasta	AG-917-P07_contigs.fasta	AG-414-O11_AG-414-O11_NODE_13	9927	10448	.	ab	4.7832e-08	584.64
gdiff	AG-414-O11_contigs.fasta	AG-917-P07_contigs.fasta	AG-414-O11_AG-414-O11_NODE_13	11037	11558	.	ab	4.7832e-08	584.64
gdiff	AG-414-O11_contigs.fasta	AG-917-P07_contigs.fasta	AG-414-O11_AG-414-O11_NODE_13	11543	12064	.	ab	0.0020777	508.41
gdiff	AG-414-O11_contigs.fasta	AG-917-P07_contigs.fasta	AG-414-O11_AG-414-O11_NODE_13	12771	13292	.	ab	4.7832e-08	584.64
gdiff	AG-414-O11_contigs.fasta	AG-917-P07_contigs.fasta	AG-414-O11_AG-414-O11_NODE_13	13383	13904	.	ab	0.0015302	513.41
gdiff	AG-414-O11_contigs.fasta	AG-917-P07_contigs.fasta	AG-414-O11_AG-414-O11_NODE_13	13492	14013	.	ab	0.001547	513.25
gdiff	AG-414-O11_contigs.fasta	AG-917-P07_contigs.fasta	AG-414-O11_AG-414-O11_NODE_13	13955	14476	.	ab	0.0052388	485.04
gdiff	AG-414-O11_contigs.fasta	AG-917-P07_contigs.fasta	AG-414-O11_AG-414-O11_NODE_14	2360	2881	.	ab	0.23454	14.981
gdiff	AG-414-O11_contigs.fasta	AG-917-P07_contigs.fasta	AG-414-O11_AG-414-O11_NODE_14	3462	3983	.	ab	0.34998	0
gdiff	AG-414-O11_contigs.fasta	AG-917-P07_contigs.fasta	AG-414-O11_AG-414-O11_NODE_14	3928	4449	.	ab	0.26628	6.4551
gdiff	AG-414-O11_contigs.fasta	AG-917-P07_contigs.fasta	AG-414-O11_AG-414-O11_NODE_14	4205	4726	.	ab	0.28159	3.9176
gdiff	AG-414-O11_contigs.fasta	AG-917-P07_contigs.fasta	AG-414-O11_AG-414-O11_NODE_14	5107	5628	.	ab	0.23335	15.405
gdiff	AG-414-O11_contigs.fasta	AG-917-P07_contigs.fasta	AG-414-O11_AG-414-O11_NODE_14	5232	5753	.	ab	0.12728	104.85
gdiff	AG-414-O11_contigs.fasta	AG-917-P07_contigs.fasta	AG-414-O11_AG-414-O11_NODE_14	7190	7711	.	ab	0.096648	159.25
gdiff	AG-414-O11_contigs.fasta	AG-917-P07_contigs.fasta	AG-414-O11_AG-414-O11_NODE_14	8306	8827	.	ab	0.11658	121.91
gdiff	AG-414-O11_contigs.fasta	AG-917-P07_contigs.fasta	AG-414-O11_AG-414-O11_NODE_14	8392	8913	.	ab	0.096277	160.02
gdiff	AG-414-O11_contigs.fasta	AG-917-P07_contigs.fasta	AG-414-O11_AG-414-O11_NODE_14	10462	10983	.	ab	0.038343	324.32
gdiff	AG-414-O11_contigs.fasta	AG-917-P07_contigs.fasta	AG-414-O11_AG-414-O11_NODE_14	10777	11298	.	ab	0.015123	427.6
gdiff	AG-414-O11_contigs.fasta	AG-917-P07_contigs.fasta	AG-414-O11_AG-414-O11_NODE_14	10989	11510	.	ab	0.0071941	472.49
gdiff	AG-414-O11_contigs.fasta	AG-917-P07_contigs.fasta	AG-414-O11_AG-414-O11_NODE_14	11338	11859	.	ab	0.014401	431.41
gdiff	AG-414-O11_contigs.fasta	AG-917-P07_contigs.fasta	AG-414-O11_AG-414-O11_NODE_14	12205	12726	.	ab	0.041181	313.67
gdiff	AG-414-O11_contigs.fasta	AG-917-P07_contigs.fasta	AG-414-O11_AG-414-O11_NODE_15	2083	2604	.	ab	0.0069539	473.98
gdiff	AG-414-O11_contigs.fasta	AG-917-P07_contigs.fasta	AG-414-O11_AG-414-O11_NODE_15	2601	3122	.	ab	0.020478	400.74
gdiff	AG-414-O11_contigs.fasta	AG-917-P07_contigs.fasta	AG-414-O11_AG-414-O11_NODE_15	3463	3984	.	ab	0.021619	395.29
gdiff	AG-414-O11_contigs.fasta	AG-917-P07_contigs.fasta	AG-414-O11_AG-414-O11_NODE_15	5633	6154	.	ab	0.0071186	472.96
gdiff	AG-414-O11_contigs.fasta	AG-917-P07_contigs.fasta	AG-414-O11_AG-414-O11_NODE_15	6292	6813	.	ab	0.005022	486.49
gdiff	AG-414-O11_contigs.fasta	AG-917-P07_contigs.fasta	AG-414-O11_AG-414-O11_NODE_15	8750	9271	.	ab	0.0075946	470.02
gdiff	AG-414-O11_contigs.fasta	AG-917-P07_contigs.fasta	AG-414-O11_AG-414-O11_NODE_15	9276	9797	.	ab	0.0064728	477.02
gdiff	AG-414-O11_contigs.fasta	AG-917-P07_contigs.fasta	AG-414-O11_AG-414-O11_NODE_15	9631	10152	.	ab	0.0017716	511.14
gdiff	AG-414-O11_contigs.fasta	AG-917-P07_contigs.fasta	AG-414-O11_AG-414-O11_NODE_16	2258	2779	.	ab	0.0080376	467.32
gdiff	AG-414-O11_contigs.fasta	AG-917-P07_contigs.fasta	AG-414-O11_AG-414-O11_NODE_16	2735	3256	.	ab	0.0081049	466.91
gdiff	AG-414-O11_contigs.fasta	AG-917-P07_contigs.fasta	AG-414-O11_AG-414-O11_NODE_16	3507	4028	.	ab	0.011037	449.8
gdiff	AG-414-O11_contigs.fasta	AG-917-P07_contigs.fasta	AG-414-O11_AG-414-O11_NODE_16	4331	4852	.	ab	0.0022539	506.91
gdiff	AG-414-O11_contigs.fasta	AG-917-P07_contigs.fasta	AG-414-O11_AG-414-O11_NODE_17	247	768	.	ab	0.022766	389.91
gdiff	AG-414-O11_contigs.fasta	AG-917-P07_contigs.fasta	AG-414-O11_AG-414-O11_NODE_17	1374	1895	.	ab	0.015123	427.6
gdiff	AG-414-O11_contigs.fasta	AG-917-P07_contigs.fasta	AG-414-O11_AG-414-O11_NODE_17	2701	3222	.	ab	0.019455	405.71
gdiff	AG-414-O11_contigs.fasta	AG-917-P07_contigs.fasta	AG-414-O11_AG-414-O11_NODE_17	4402	4923	.	ab	0.017709	414.35
gdiff	AG-414-O11_contigs.fasta	AG-917-P07_contigs.fasta	AG-414-O11_AG-414-O11_NODE_17	4645	5166	.	ab	0.015879	423.67
gdiff	AG-414-O11_contigs.fasta	AG-917-P07_contigs.fasta	AG-414-O11_AG-414-O11_NODE_17	4743	5264	.	ab	0.019623	404.88
gdiff	AG-414-O11_contigs.fasta	AG-917-P07_contigs.fasta	AG-414-O11_AG-414-O11_NODE_17	4832	5353	.	ab	0.017393	415.94
gdiff	AG-414-O11_contigs.fasta	AG-917-P07_contigs.fasta	AG-414-O11_AG-414-O11_NODE_17	6177	6698	.	ab	0.0078924	468.2
gdiff	AG-414-O11_contigs.fasta	AG-917-P07_contigs.fasta	AG-414-O11_AG-414-O11_NODE_18	2790	3311	.	ab	0.22149	20.133
gdiff	AG-414-O11_contigs.fasta	AG-917-P07_contigs.fasta	AG-414-O11_AG-414-O11_NODE_18	3155	3676	.	ab	0.20821	26.604
gdiff	AG-414-O11_contigs.fasta	AG-917-P07_contigs.fasta	AG-414-O11_AG-414-O11_NODE_19	166	687	.	ab	0.0026478	503.68
gdiff	AG-414-O11_contigs.fasta	AG-917-P07_contigs.fasta	AG-414-O11_AG-414-O11_NODE_20	1012	1533	.	ab	4.7832e-08	584.64
gdiff	AG-414-O11_contigs.fasta	AG-917-P07_contigs.fasta	AG-414-O11_AG-414-O11_NODE_20	1221	1742	.	ab	0.0012331	516.44
gdiff	AG-414-O11_contigs.fasta	AG-917-P07_contigs.fasta	AG-414-O11_AG-414-O11_NODE_20	1913	2434	.	ab	0.00339	497.98
gdiff	AG-414-O11_contigs.fasta	AG-917-P07_contigs.fasta	AG-414-O11_AG-414-O11_NODE_21	137	658	.	ab	0.28159	3.9176
gdiff	AG-414-O11_contigs.fasta	AG-917-P07_contigs.fasta	AG-414-O11_AG-414-O11_NODE_21	583	1104	.	ab	0.25452	9.0395
gdiff	AG-414-O11_contigs.fasta	AG-917-P07_contigs.fasta	AG-414-O11_AG-414-O11_NODE_21	1402	1923	.	ab	0.24774	10.82
gdiff	AG-414-O11_contigs.fasta	AG-917-P07_contigs.fasta	AG-414-O11_AG-414-O11_NODE_21	1555	2076	.	ab	0.23615	14.42
gdiff	AG-414-O11_contigs.fasta	AG-917-P07_contigs.fasta	AG-414-O11_AG-414-O11_NODE_22	952	1473	.	ab	4.7832e-08	584.64
gdiff	AG-414-O11_contigs.fasta	AG-917-P07_contigs.fasta	AG-917-P07_NODE_1	615	1136	.	ba	0.14641	78.743
gdiff	AG-414-O11_contigs.fasta	AG-917-P07_contigs.fasta	AG-917-P07_NODE_1	775	1296	.	ba	0.16916	54.573
gdiff	AG-414-O11_contigs.fasta	AG-917-P07_contigs.fasta	AG-917-P07_NODE_1	1901	2422	.	ba	0.07651	205.06
gdiff	AG-414-O11_contigs.fasta	AG-917-P07_contigs.fasta	AG-917-P07_NODE_1	1978	2499	.	ba	0.066349	232.13
gdiff	AG-414-O11_contigs.fasta	AG-917-P07_contigs.fasta	AG-917-P07_NODE_1	3755	4276	.	ba	0.099906	152.33
gdiff	AG-414-O11_contigs.fasta	AG-917-P07_contigs.fasta	AG-917-P07_NODE_1	3846	4367	.	ba	0.09014	172.85
gdiff	AG-414-O11_contigs.fasta	AG-917-P07_contigs.fasta	AG-917-P07_NODE_1	4179	4700	.	ba	0.021062	397.12
gdiff	AG-414-O11_contigs.fasta	AG-917-P07_contigs.fasta	AG-917-P07_NODE_1	4983	5504	.	ba	0.0056274	481.44
gdiff	AG-414-O11_contigs.fasta	AG-917-P07_contigs.fasta	AG-917-P07_NODE_1	5288	5809	.	ba	0.077761	201.92
gdiff	AG-414-O11_contigs.fasta	AG-917-P07_contigs.fasta	AG-917-P07_NODE_1	6302	6823	.	ba	0.13212	97.566
gdiff	AG-414-O11_contigs.fasta	AG-917-P07_contigs.fasta	AG-917-P07_NODE_1	6535	7056	.	ba	0.050721	279.75
gdiff	AG-414-O11_contigs.fasta	AG-917-P07_contigs.fasta	AG-917-P07_NODE_1	7556	8077	.	ba	0.040391	315.96
gdiff	AG-414-O11_contigs.fasta	AG-917-P07_contigs.fasta	AG-917-P07_NODE_1	7595	8116	.	ba	0.033814	341.39
gdiff	AG-414-O11_contigs.fasta	AG-917-P07_contigs.fasta	AG-917-P07_NODE_1	8155	8676	.	ba	0.0049073	486.23
gdiff	AG-414-O11_contigs.fasta	AG-917-P07_contigs.fasta	AG-917-P07_NODE_1	8896	9417	.	ba	0.000796	520.52
gdiff	AG-414-O11_contigs.fasta	AG-917-P07_contigs.fasta	AG-917-P07_NODE_1	9751	10272	.	ba	0.017868	412.69
gdiff	AG-414-O11_contigs.fasta	AG-917-P07_contigs.fasta	AG-917-P07_NODE_1	11272	11793	.	ba	0.12144	113.7
gdiff	AG-414-O11_contigs.fasta	AG-917-P07_contigs.fasta	AG-917-P07_NODE_1	11374	11895	.	ba	0.061109	247.23
gdiff	AG-414-O11_contigs.fasta	AG-917-P07_contigs.fasta	AG-917-P07_NODE_1	12155	12676	.	ba	0.0091105	459.93
gdiff	AG-414-O11_contigs.fasta	AG-917-P07_contigs.fasta	AG-917-P07_NODE_1	12793	13314	.	ba	0.031243	351.89
gdiff	AG-414-O11_contigs.fasta	AG-917-P07_contigs.fasta	AG-917-P07_NODE_1	16789	17310	.	ba	0.0075809	469.11
gdiff	AG-414-O11_contigs.fasta	AG-917-P07_contigs.fasta	AG-917-P07_NODE_1	17756	18277	.	ba	0.084456	185.75
gdiff	AG-414-O11_contigs.fasta	AG-917-P07_contigs.fasta	AG-917-P07_NODE_1	19027	19548	.	ba	0.08455	185.53
gdiff	AG-414-O11_contigs.fasta	AG-917-P07_contigs.fasta	AG-917-P07_NODE_1	19921	20442	.	ba	0.15064	73.732
gdiff	AG-414-O11_contigs.fasta	AG-917-P07_contigs.fasta	AG-917-P07_NODE_1	20621	21142	.	ba	0.044168	302.23
gdiff	AG-414-O11_contigs.fasta	AG-917-P07_contigs.fasta	AG-917-P07_NODE_1	20870	21391	.	ba	0.039017	321.11
gdiff	AG-414-O11_contigs.fasta	AG-917-P07_contigs.fasta	AG-917-P07_NODE_1	20973	21494	.	ba	0.042459	308.37
gdiff	AG-414-O11_contigs.fasta	AG-917-P07_contigs.fasta	AG-917-P07_NODE_1	23069	23590	.	ba	0.012104	442.91
gdiff	AG-414-O11_contigs.fasta	AG-917-P07_contigs.fasta	AG-917-P07_NODE_1	25295	25816	.	ba	0.046708	293.32
gdiff	AG-414-O11_contigs.fasta	AG-917-P07_contigs.fasta	AG-917-P07_NODE_1	26110	26631	.	ba	0.039417	319.61
gdiff	AG-414-O11_contigs.fasta	AG-917-P07_contigs.fasta	AG-917-P07_NODE_1	26171	26692	.	ba	0.045398	297.88
gdiff	AG-414-O11_contigs.fasta	AG-917-P07_contigs.fasta	AG-917-P07_NODE_1	26333	26854	.	ba	0.025279	377.63
gdiff	AG-414-O11_contigs.fasta	AG-917-P07_contigs.fasta	AG-917-P07_NODE_1	26961	27482	.	ba	0.020984	397.49
gdiff	AG-414-O11_contigs.fasta	AG-917-P07_contigs.fasta	AG-917-P07_NODE_1	28024	28545	.	ba	0.033386	343.11
gdiff	AG-414-O11_contigs.fasta	AG-917-P07_contigs.fasta	AG-917-P07_NODE_1	29052	29573	.	ba	0.02872	362.53
gdiff	AG-414-O11_contigs.fasta	AG-917-P07_contigs.fasta	AG-917-P07_NODE_1	29944	30465	.	ba	0.045565	297.3
gdiff	AG-414-O11_contigs.fasta	AG-917-P07_contigs.fasta	AG-917-P07_NODE_1	31204	31725	.	ba	0.25814	8.1595
gdiff	AG-414-O11_contigs.fasta	AG-917-P07_contigs.fasta	AG-917-P07_NODE_1	33083	33604	.	ba	0.3215	0.53021
gdiff	AG-414-O11_contigs.fasta	AG-917-P07_contigs.fasta	AG-917-P07_NODE_1	33819	34340	.	ba	0.27099	5.568
gdiff	AG-414-O11_contigs.fasta	AG-917-P07_contigs.fasta	AG-917-P07_NODE_1	35212	35733	.	ba	0.27325	5.1794
gdiff	AG-414-O11_contigs.fasta	AG-917-P07_contigs.fasta	AG-917-P07_NODE_1	36458	36979	.	ba	0.30059	1.8109
gdiff	AG-414-O11_contigs.fasta	AG-917-P07_contigs.fasta	AG-917-P07_NODE_1	36663	37184	.	ba	0.34991	0
gdiff	AG-414-O11_contigs.fasta	AG-917-P07_contigs.fasta	AG-917-P07_NODE_1	38491	39012	.	ba	0.3215	0.53021
gdiff	AG-414-O11_contigs.fasta	AG-917-P07_contigs.fasta	AG-917-P07_NODE_1	38768	39289	.	ba	0.3215	0.53021
gdiff	AG-414-O11_contigs.fasta	AG-917-P07_contigs.fasta	AG-917-P07_NODE_1	38984	39505	.	ba	0.25814	8.1595
gdiff	AG-414-O11_contigs.fasta	AG-917-P07_contigs.fasta	AG-917-P07_NODE_1	40704	41225	.	ba	0.30414	1.5268
gdiff	AG-414-O11_contigs.fasta	AG-917-P07_contigs.fasta	AG-917-P07_NODE_1	41607	42128	.	ba	0.2857	3.3636
gdiff	AG-414-O11_contigs.fasta	AG-917-P07_contigs.fasta	AG-917-P07_NODE_1	42025	42546	.	ba	0.30059	1.8109
gdiff	AG-414-O11_contigs.fasta	AG-917-P07_contigs.fasta	AG-917-P07_NODE_1	43913	44434	.	ba	0.31685	0.73798
gdiff	AG-414-O11_contigs.fasta	AG-917-P07_contigs.fasta	AG-917-P07_NODE_1	44015	44536	.	ba	0.30059	1.8109
gdiff	AG-414-O11_contigs.fasta	AG-917-P07_contigs.fasta	AG-917-P07_NODE_1	44199	44720	.	ba	0.27099	5.568
gdiff	AG-414-O11_contigs.fasta	AG-917-P07_contigs.fasta	AG-917-P07_NODE_1	50125	50646	.	ba	0.28151	3.9169
gdiff	AG-414-O11_contigs.fasta	AG-917-P07_contigs.fasta	AG-917-P07_NODE_1	50399	50920	.	ba	0.28151	3.9169
gdiff	AG-414-O11_contigs.fasta	AG-917-P07_contigs.fasta	AG-917-P07_NODE_1	50648	51169	.	ba	0.3215	0.53021
gdiff	AG-414-O11_contigs.fasta	AG-917-P07_contigs.fasta	AG-917-P07_NODE_1	53313	53834	.	ba	0.26697	6.3061
gdiff	AG-414-O11_contigs.fasta	AG-917-P07_contigs.fasta	AG-917-P07_NODE_1	53397	53918	.	ba	0.26018	7.7011
gdiff	AG-414-O11_contigs.fasta	AG-917-P07_contigs.fasta	AG-917-P07_NODE_1	53462	53983	.	ba	0.26018	7.7011
gdiff	AG-414-O11_contigs.fasta	AG-917-P07_contigs.fasta	AG-917-P07_NODE_1	53938	54459	.	ba	0.34991	0
gdiff	AG-414-O11_contigs.fasta	AG-917-P07_contigs.fasta	AG-917-P07_NODE_1	54457	54978	.	ba	0.34991	0
gdiff	AG-414-O11_contigs.fasta	AG-917-P07_contigs.fasta	AG-917-P07_NODE_1	56064	56585	.	ba	0.3215	0.53021
gdiff	AG-414-O11_contigs.fasta	AG-917-P07_contigs.fasta	AG-917-P07_NODE_1	56300	56821	.	ba	0.30414	1.5268
gdiff	AG-414-O11_contigs.fasta	AG-917-P07_contigs.fasta	AG-917-P07_NODE_1	56442	56963	.	ba	0.34991	0
gdiff	AG-414-O11_contigs.fasta	AG-917-P07_contigs.fasta	AG-917-P07_NODE_1	56914	57435	.	ba	0.31244	0.97353
gdiff	AG-414-O11_contigs.fasta	AG-917-P07_contigs.fasta	AG-917-P07_NODE_1	57303	57824	.	ba	0.017472	414.68
gdiff	AG-414-O11_contigs.fasta	AG-917-P07_contigs.fasta	AG-917-P07_NODE_1	57970	58491	.	ba	0.016537	419.41
gdiff	AG-414-O11_contigs.fasta	AG-917-P07_contigs.fasta	AG-917-P07_NODE_1	58544	59065	.	ba	0.0074541	469.88
gdiff	AG-414-O11_contigs.fasta	AG-917-P07_contigs.fasta	AG-917-P07_NODE_1	61812	62333	.	ba	0.021276	396.1
gdiff	AG-414-O11_contigs.fasta	AG-917-P07_contigs.fasta	AG-917-P07_NODE_1	63543	64064	.	ba	0.021217	396.38
gdiff	AG-414-O11_contigs.fasta	AG-917-P07_contigs.fasta	AG-917-P07_NODE_1	63662	64183	.	ba	0.018664	408.74
gdiff	AG-414-O11_contigs.fasta	AG-917-P07_contigs.fasta	AG-917-P07_NODE_1	64832	65353	.	ba	0.051126	278.41
gdiff	AG-414-O11_contigs.fasta	AG-917-P07_contigs.fasta	AG-917-P07_NODE_1	67998	68519	.	ba	0.013354	436.09
gdiff	AG-414-O11_contigs.fasta	AG-917-P07_contigs.fasta	AG-917-P07_NODE_1	69863	70384	.	ba	0.031183	352.14
gdiff	AG-414-O11_contigs.fasta	AG-917-P07_contigs.fasta	AG-917-P07_NODE_1	70366	70887	.	ba	0.014208	431.53
gdiff	AG-414-O11_contigs.fasta	AG-917-P07_contigs.fasta	AG-917-P07_NODE_1	70595	71116	.	ba	0.011282	447.47
gdiff	AG-414-O11_contigs.fasta	AG-917-P07_contigs.fasta	AG-917-P07_NODE_1	72960	73481	.	ba	0.0044601	489.28
gdiff	AG-414-O11_contigs.fasta	AG-917-P07_contigs.fasta	AG-917-P07_NODE_1	74843	75364	.	ba	0.026086	374.03
gdiff	AG-414-O11_contigs.fasta	AG-917-P07_contigs.fasta	AG-917-P07_NODE_1	76128	76649	.	ba	0.022	392.68
gdiff	AG-414-O11_contigs.fasta	AG-917-P07_contigs.fasta	AG-917-P07_NODE_1	76860	77381	.	ba	0.020118	401.65
gdiff	AG-414-O11_contigs.fasta	AG-917-P07_contigs.fasta	AG-917-P07_NODE_1	77455	77976	.	ba	0.0040132	492.41
gdiff	AG-414-O11_contigs.fasta	AG-917-P07_contigs.fasta	AG-917-P07_NODE_1	77562	78083	.	ba	0.010471	452.06
gdiff	AG-414-O11_contigs.fasta	AG-917-P07_contigs.fasta	AG-917-P07_NODE_1	78071	78592	.	ba	0.0064706	476.02
gdiff	AG-414-O11_contigs.fasta	AG-917-P07_contigs.fasta	AG-917-P07_NODE_1	79441	79962	.	ba	0.0039823	492.63
gdiff	AG-414-O11_contigs.fasta	AG-917-P07_contigs.fasta	AG-917-P07_NODE_1	79625	80146	.	ba	0.01757	414.19
gdiff	AG-414-O11_contigs.fasta	AG-917-P07_contigs.fasta	AG-917-P07_NODE_1	81060	81581	.	ba	0.019841	402.99
gdiff	AG-414-O11_contigs.fasta	AG-917-P07_contigs.fasta	AG-917-P07_NODE_1	82900	83421	.	ba	0.30059	1.8109
gdiff	AG-414-O11_contigs.fasta	AG-917-P07_contigs.fasta	AG-917-P07_NODE_1	86697	87218	.	ba	0.30414	1.5268
gdiff	AG-414-O11_contigs.fasta	AG-917-P07_contigs.fasta	AG-917-P07_NODE_1	88731	89252	.	ba	0.26011	7.7153
gdiff	AG-414-O11_contigs.fasta	AG-917-P07_contigs.fasta	AG-917-P07_NODE_1	89643	90164	.	ba	nan	nan
gdiff	AG-414-O11_contigs.fasta	AG-917-P07_contigs.fasta	AG-917-P07_NODE_1	91086	91607	.	ba	0.28856	3.0169
gdiff	AG-414-O11_contigs.fasta	AG-917-P07_contigs.fasta	AG-917-P07_NODE_1	91242	91763	.	ba	0.27648	4.6579
gdiff	AG-414-O11_contigs.fasta	AG-917-P07_contigs.fasta	AG-917-P07_NODE_1	92181	92702	.	ba	0.31685	0.73798
gdiff	AG-414-O11_contigs.fasta	AG-917-P07_contigs.fasta	AG-917-P07_NODE_1	93861	94382	.	ba	0.26415	6.8625
gdiff	AG-414-O11_contigs.fasta	AG-917-P07_contigs.fasta	AG-917-P07_NODE_1	96315	96836	.	ba	0.005188	484.34
gdiff	AG-414-O11_contigs.fasta	AG-917-P07_contigs.fasta	AG-917-P07_NODE_1	97405	97926	.	ba	0.040465	315.69
gdiff	AG-414-O11_contigs.fasta	AG-917-P07_contigs.fasta	AG-917-P07_NODE_1	99136	99657	.	ba	0.23535	14.667
gdiff	AG-414-O11_contigs.fasta	AG-917-P07_contigs.fasta	AG-917-P07_NODE_1	100202	100723	.	ba	0.22233	19.724
gdiff	AG-414-O11_contigs.fasta	AG-917-P07_contigs.fasta	AG-917-P07_NODE_1	100560	101081	.	ba	0.040971	313.82
gdiff	AG-414-O11_contigs.fasta	AG-917-P07_contigs.fasta	AG-917-P07_NODE_1	100810	101331	.	ba	0.03182	349.5
gdiff	AG-414-O11_contigs.fasta	AG-917-P07_contigs.fasta	AG-917-P07_NODE_1	101018	101539	.	ba	0.024555	380.89
gdiff	AG-414-O11_contigs.fasta	AG-917-P07_contigs.fasta	AG-917-P07_NODE_1	101349	101870	.	ba	0.017345	415.32
gdiff	AG-414-O11_contigs.fasta	AG-917-P07_contigs.fasta	AG-917-P07_NODE_1	102486	103007	.	ba	0.0096712	456.66
gdiff	AG-414-O11_contigs.fasta	AG-917-P07_contigs.fasta	AG-917-P07_NODE_1	106731	107252	.	ba	0.0085279	463.38
gdiff	AG-414-O11_contigs.fasta	AG-917-P07_contigs.fasta	AG-917-P07_NODE_1	106932	107453	.	ba	0.0043627	489.95
gdiff	AG-414-O11_contigs.fasta	AG-917-P07_contigs.fasta	AG-917-P07_NODE_1	107086	107607	.	ba	0.0084102	464.09
gdiff	AG-414-O11_contigs.fasta	AG-917-P07_contigs.fasta	AG-917-P07_NODE_1	109092	109613	.	ba	0.024418	381.52
gdiff	AG-414-O11_contigs.fasta	AG-917-P07_contigs.fasta	AG-917-P07_NODE_1	114861	115382	.	ba	0.24595	11.3
gdiff	AG-414-O11_contigs.fasta	AG-917-P07_contigs.fasta	AG-917-P07_NODE_1	115478	115999	.	ba	0.27325	5.1794
gdiff	AG-414-O11_contigs.fasta	AG-917-P07_contigs.fasta	AG-917-P07_NODE_1	115877	116398	.	ba	0.27325	5.1794
gdiff	AG-414-O11_contigs.fasta	AG-917-P07_contigs.fasta	AG-917-P07_NODE_1	116494	117015	.	ba	0.2915	2.6863
gdiff	AG-414-O11_contigs.fasta	AG-917-P07_contigs.fasta	AG-917-P07_NODE_1	116566	117087	.	ba	0.26928	5.8735
gdiff	AG-414-O11_contigs.fasta	AG-917-P07_contigs.fasta	AG-917-P07_NODE_1	120804	121325	.	ba	0.30414	1.5268
gdiff	AG-414-O11_contigs.fasta	AG-917-P07_contigs.fasta	AG-917-P07_NODE_1	121242	121763	.	ba	0.27325	5.1794
gdiff	AG-414-O11_contigs.fasta	AG-917-P07_contigs.fasta	AG-917-P07_NODE_1	121398	121919	.	ba	0.3215	0.53021
gdiff	AG-414-O11_contigs.fasta	AG-917-P07_contigs.fasta	AG-917-P07_NODE_1	121898	122419	.	ba	0.25816	8.1539
gdiff	AG-414-O11_contigs.fasta	AG-917-P07_contigs.fasta	AG-917-P07_NODE_1	123581	124102	.	ba	0.038062	324.74
gdiff	AG-414-O11_contigs.fasta	AG-917-P07_contigs.fasta	AG-917-P07_NODE_1	124357	124878	.	ba	0.0027002	502.2
gdiff	AG-414-O11_contigs.fasta	AG-917-P07_contigs.fasta	AG-917-P07_NODE_1	125364	125885	.	ba	0.0019593	508.37
gdiff	AG-414-O11_contigs.fasta	AG-917-P07_contigs.fasta	AG-917-P07_NODE_1	126832	127353	.	ba	4.7832e-08	583.52
gdiff	AG-414-O11_contigs.fasta	AG-917-P07_contigs.fasta	AG-917-P07_NODE_1	126876	127397	.	ba	4.7832e-08	583.52
gdiff	AG-414-O11_contigs.fasta	AG-917-P07_contigs.fasta	AG-917-P07_NODE_1	128672	129193	.	ba	4.7832e-08	583.52
gdiff	AG-414-O11_contigs.fasta	AG-917-P07_contigs.fasta	AG-917-P07_NODE_1	129544	130065	.	ba	0.000796	520.52
gdiff	AG-414-O11_contigs.fasta	AG-917-P07_contigs.fasta	AG-917-P07_NODE_1	130005	130526	.	ba	4.7832e-08	583.52
gdiff	AG-414-O11_contigs.fasta	AG-917-P07_contigs.fasta	AG-917-P07_NODE_1	130766	131287	.	ba	0.0040263	492.31
gdiff	AG-414-O11_contigs.fasta	AG-917-P07_contigs.fasta	AG-917-P07_NODE_1	132363	132884	.	ba	4.7832e-08	583.52
gdiff	AG-414-O11_contigs.fasta	AG-917-P07_contigs.fasta	AG-917-P07_NODE_1	134061	134582	.	ba	0.0020743	507.36
gdiff	AG-414-O11_contigs.fasta	AG-917-P07_contigs.fasta	AG-917-P07_NODE_1	134816	135337	.	ba	0.0021988	506.3
gdiff	AG-414-O11_contigs.fasta	AG-917-P07_contigs.fasta	AG-917-P07_NODE_1	134840	135361	.	ba	0.0023445	505.08
gdiff	AG-414-O11_contigs.fasta	AG-917-P07_contigs.fasta	AG-917-P07_NODE_1	136181	136702	.	ba	4.7832e-08	583.52
gdiff	AG-414-O11_contigs.fasta	AG-917-P07_contigs.fasta	AG-917-P07_NODE_1	137233	137754	.	ba	0.0063389	476.85
gdiff	AG-414-O11_contigs.fasta	AG-917-P07_contigs.fasta	AG-917-P07_NODE_1	137631	138152	.	ba	0.0043276	490.2
gdiff	AG-414-O11_contigs.fasta	AG-917-P07_contigs.fasta	AG-917-P07_NODE_1	138826	139347	.	ba	0.13251	97.011
gdiff	AG-414-O11_contigs.fasta	AG-917-P07_contigs.fasta	AG-917-P07_NODE_1	140272	140793	.	ba	0.25284	9.4361
gdiff	AG-414-O11_contigs.fasta	AG-917-P07_contigs.fasta	AG-917-P07_NODE_1	141176	141697	.	ba	0.19749	32.789
gdiff	AG-414-O11_contigs.fasta	AG-917-P07_contigs.fasta	AG-917-P07_NODE_1	141390	141911	.	ba	0.20451	28.59
gdiff	AG-414-O11_contigs.fasta	AG-917-P07_contigs.fasta	AG-917-P07_NODE_1	142449	142970	.	ba	nan	nan
gdiff	AG-414-O11_contigs.fasta	AG-917-P07_contigs.fasta	AG-917-P07_NODE_1	142650	143171	.	ba	0.2915	2.6863
gdiff	AG-414-O11_contigs.fasta	AG-917-P07_contigs.fasta	AG-917-P07_NODE_1	144652	145173	.	ba	0.26657	6.3833
gdiff	AG-414-O11_contigs.fasta	AG-917-P07_contigs.fasta	AG-917-P07_NODE_1	145254	145775	.	ba	0.23608	14.414
gdiff	AG-414-O11_contigs.fasta	AG-917-P07_contigs.fasta	AG-917-P07_NODE_1	145995	146516	.	ba	0.21429	23.425
gdiff	AG-414-O11_contigs.fasta	AG-917-P07_contigs.fasta	AG-917-P07_NODE_1	147559	148080	.	ba	0.10238	147.44
gdiff	AG-414-O11_contigs.fasta	AG-917-P07_contigs.fasta	AG-917-P07_NODE_1	147944	148465	.	ba	0.022128	392.08
gdiff	AG-414-O11_contigs.fasta	AG-917-P07_contigs.fasta	AG-917-P07_NODE_1	148861	149382	.	ba	0.065306	235.07
gdiff	AG-414-O11_contigs.fasta	AG-917-P07_contigs.fasta	AG-917-P07_NODE_1	148977	149498	.	ba	0.060232	249.84
gdiff	AG-414-O11_contigs.fasta	AG-917-P07_contigs.fasta	AG-917-P07_NODE_1	149005	149526	.	ba	0.063218	241.06
gdiff	AG-414-O11_contigs.fasta	AG-917-P07_contigs.fasta	AG-917-P07_NODE_1	149865	150386	.	ba	0.040011	317.38
gdiff	AG-414-O11_contigs.fasta	AG-917-P07_contigs.fasta	AG-917-P07_NODE_1	149906	150427	.	ba	0.03678	329.67
gdiff	AG-414-O11_contigs.fasta	AG-917-P07_contigs.fasta	AG-917-P07_NODE_1	150297	150818	.	ba	0.031534	350.68
gdiff	AG-414-O11_contigs.fasta	AG-917-P07_contigs.fasta	AG-917-P07_NODE_1	151246	151767	.	ba	0.0061187	478.26
gdiff	AG-414-O11_contigs.fasta	AG-917-P07_contigs.fasta	AG-917-P07_NODE_1	152028	152549	.	ba	0.045465	297.64
gdiff	AG-414-O11_contigs.fasta	AG-917-P07_contigs.fasta	AG-917-P07_NODE_1	154214	154735	.	ba	0.015672	423.86
gdiff	AG-414-O11_contigs.fasta	AG-917-P07_contigs.fasta	AG-917-P07_NODE_1	156291	156812	.	ba	0.07289	214.39
gdiff	AG-414-O11_contigs.fasta	AG-917-P07_contigs.fasta	AG-917-P07_NODE_1	158188	158709	.	ba	0.027537	367.65
gdiff	AG-414-O11_contigs.fasta	AG-917-P07_contigs.fasta	AG-917-P07_NODE_1	159299	159820	.	ba	0.018714	408.5
gdiff	AG-414-O11_contigs.fasta	AG-917-P07_contigs.fasta	AG-917-P07_NODE_1	160704	161225	.	ba	0.03156	350.58
gdiff	AG-414-O11_contigs.fasta	AG-917-P07_contigs.fasta	AG-917-P07_NODE_1	162439	162960	.	ba	0.0089294	461
gdiff	AG-414-O11_contigs.fasta	AG-917-P07_contigs.fasta	AG-917-P07_NODE_1	163612	164133	.	ba	0.025062	378.61
gdiff	AG-414-O11_contigs.fasta	AG-917-P07_contigs.fasta	AG-917-P07_NODE_1	165732	166253	.	ba	0.0038554	493.53
gdiff	AG-414-O11_contigs.fasta	AG-917-P07_contigs.fasta	AG-917-P07_NODE_1	165927	166448	.	ba	0.0091214	459.87
gdiff	AG-414-O11_contigs.fasta	AG-917-P07_contigs.fasta	AG-917-P07_NODE_1	169490	170011	.	ba	0.0084647	463.76
gdiff	AG-414-O11_contigs.fasta	AG-917-P07_contigs.fasta	AG-917-P07_NODE_1	171264	171785	.	ba	0.017635	413.86
gdiff	AG-414-O11_contigs.fasta	AG-917-P07_contigs.fasta	AG-917-P07_NODE_1	174855	175376	.	ba	0.009951	455.04
gdiff	AG-414-O11_contigs.fasta	AG-917-P07_contigs.fasta	AG-917-P07_NODE_1	174947	175468	.	ba	0.01307	437.63
gdiff	AG-414-O11_contigs.fasta	AG-917-P07_contigs.fasta	AG-917-P07_NODE_1	175431	175952	.	ba	0.010346	452.77
gdiff	AG-414-O11_contigs.fasta	AG-917-P07_contigs.fasta	AG-917-P07_NODE_1	175597	176118	.	ba	0.0048331	486.73
gdiff	AG-414-O11_contigs.fasta	AG-917-P07_contigs.fasta	AG-917-P07_NODE_1	176823	177344	.	ba	0.0022033	506.26
gdiff	AG-414-O11_contigs.fasta	AG-917-P07_contigs.fasta	AG-917-P07_NODE_1	177059	177580	.	ba	0.0022185	506.13
gdiff	AG-414-O11_contigs.fasta	AG-917-P07_contigs.fasta	AG-917-P07_NODE_1	179953	180474	.	ba	4.7832e-08	583.52
gdiff	AG-414-O11_contigs.fasta	AG-917-P07_contigs.fasta	AG-917-P07_NODE_1	181920	182441	.	ba	0.0068894	473.38
gdiff	AG-414-O11_contigs.fasta	AG-917-P07_contigs.fasta	AG-917-P07_NODE_1	182540	183061	.	ba	0.0052669	483.82
gdiff	AG-414-O11_contigs.fasta	AG-917-P07_contigs.fasta	AG-917-P07_NODE_1	183163	183684	.	ba	0.024967	379.03
gdiff	AG-414-O11_contigs.fasta	AG-917-P07_contigs.fasta	AG-917-P07_NODE_1	184431	184952	.	ba	0.057475	258.2
gdiff	AG-414-O11_contigs.fasta	AG-917-P07_contigs.fasta	AG-917-P07_NODE_1	184613	185134	.	ba	0.042091	309.71
gdiff	AG-414-O11_contigs.fasta	AG-917-P07_contigs.fasta	AG-917-P07_NODE_1	185317	185838	.	ba	0.026549	371.98
gdiff	AG-414-O11_contigs.fasta	AG-917-P07_contigs.fasta	AG-917-P07_NODE_1	185475	185996	.	ba	0.015178	426.42
gdiff	AG-414-O11_contigs.fasta	AG-917-P07_contigs.fasta	AG-917-P07_NODE_1	186505	187026	.	ba	0.016522	419.49
gdiff	AG-414-O11_contigs.fasta	AG-917-P07_contigs.fasta	AG-917-P07_NODE_1	187214	187735	.	ba	0.010761	450.41
gdiff	AG-414-O11_contigs.fasta	AG-917-P07_contigs.fasta	AG-917-P07_NODE_1	188486	189007	.	ba	0.0070341	472.48
gdiff	AG-414-O11_contigs.fasta	AG-917-P07_contigs.fasta	AG-917-P07_NODE_1	188841	189362	.	ba	0.0010573	517.29
gdiff	AG-414-O11_contigs.fasta	AG-917-P07_contigs.fasta	AG-917-P07_NODE_1	189367	189888	.	ba	0.0051613	484.52
gdiff	AG-414-O11_contigs.fasta	AG-917-P07_contigs.fasta	AG-917-P07_NODE_1	189891	190412	.	ba	0.0079516	466.85
gdiff	AG-414-O11_contigs.fasta	AG-917-P07_contigs.fasta	AG-917-P07_NODE_1	191578	192099	.	ba	0.014022	432.51
gdiff	AG-414-O11_contigs.fasta	AG-917-P07_contigs.fasta	AG-917-P07_NODE_1	192877	193398	.	ba	0.0046451	488.01
gdiff	AG-414-O11_contigs.fasta	AG-917-P07_contigs.fasta	AG-917-P07_NODE_1	198417	198938	.	ba	4.7832e-08	583.52
gdiff	AG-414-O11_contigs.fasta	AG-917-P07_contigs.fasta	AG-917-P07_NODE_1	198606	199127	.	ba	4.7832e-08	583.52
gdiff	AG-414-O11_contigs.fasta	AG-917-P07_contigs.fasta	AG-917-P07_NODE_1	199676	200197	.	ba	4.7832e-08	583.52
gdiff	AG-414-O11_contigs.fasta	AG-917-P07_contigs.fasta	AG-917-P07_NODE_1	201177	201698	.	ba	0.0015612	512.03
gdiff	AG-414-O11_contigs.fasta	AG-917-P07_contigs.fasta	AG-917-P07_NODE_2	1882	2403	.	ba	0.0075534	469.27
gdiff	AG-414-O11_contigs.fasta	AG-917-P07_contigs.fasta	AG-917-P07_NODE_2	2590	3111	.	ba	4.7832e-08	583.52
gdiff	AG-414-O11_contigs.fasta	AG-917-P07_contigs.fasta	AG-917-P07_NODE_2	2858	3379	.	ba	0.0035205	495.96
gdiff	AG-414-O11_contigs.fasta	AG-917-P07_contigs.fasta	AG-917-P07_NODE_2	6148	6669	.	ba	0.010964	449.26
gdiff	AG-414-O11_contigs.fasta	AG-917-P07_contigs.fasta	AG-917-P07_NODE_2	6748	7269	.	ba	0.0023445	505.08
gdiff	AG-414-O11_contigs.fasta	AG-917-P07_contigs.fasta	AG-917-P07_NODE_2	8316	8837	.	ba	0.0013232	514.4
gdiff	AG-414-O11_contigs.fasta	AG-917-P07_contigs.fasta	AG-917-P07_NODE_2	8569	9090	.	ba	0.016018	422.07
gdiff	AG-414-O11_contigs.fasta	AG-917-P07_contigs.fasta	AG-917-P07_NODE_2	9194	9715	.	ba	0.023173	387.22
gdiff	AG-414-O11_contigs.fasta	AG-917-P07_contigs.fasta	AG-917-P07_NODE_2	13266	13787	.	ba	0.02335	386.4
gdiff	AG-414-O11_contigs.fasta	AG-917-P07_contigs.fasta	AG-917-P07_NODE_2	14015	14536	.	ba	0.021444	395.31
gdiff	AG-414-O11_contigs.fasta	AG-917-P07_contigs.fasta	AG-917-P07_NODE_2	15317	15838	.	ba	0.018208	411
gdiff	AG-414-O11_contigs.fasta	AG-917-P07_contigs.fasta	AG-917-P07_NODE_2	17221	17742	.	ba	0.032441	346.95
gdiff	AG-414-O11_contigs.fasta	AG-917-P07_contigs.fasta	AG-917-P07_NODE_2	17911	18432	.	ba	0.037801	325.74
gdiff	AG-414-O11_contigs.fasta	AG-917-P07_contigs.fasta	AG-917-P07_NODE_2	18711	19232	.	ba	0.038976	321.26
gdiff	AG-414-O11_contigs.fasta	AG-917-P07_contigs.fasta	AG-917-P07_NODE_2	23216	23737	.	ba	0.015599	424.23
gdiff	AG-414-O11_contigs.fasta	AG-917-P07_contigs.fasta	AG-917-P07_NODE_2	23875	24396	.	ba	0.044375	301.49
gdiff	AG-414-O11_contigs.fasta	AG-917-P07_contigs.fasta	AG-917-P07_NODE_2	24560	25081	.	ba	0.0094001	458.24
gdiff	AG-414-O11_contigs.fasta	AG-917-P07_contigs.fasta	AG-917-P07_NODE_2	25786	26307	.	ba	0.088109	177.37
gdiff	AG-414-O11_contigs.fasta	AG-917-P07_contigs.fasta	AG-917-P07_NODE_2	30658	31179	.	ba	0.024152	382.72
gdiff	AG-414-O11_contigs.fasta	AG-917-P07_contigs.fasta	AG-917-P07_NODE_2	33321	33842	.	ba	0.01102	448.95
gdiff	AG-414-O11_contigs.fasta	AG-917-P07_contigs.fasta	AG-917-P07_NODE_2	33832	34353	.	ba	0.0019437	508.5
gdiff	AG-414-O11_contigs.fasta	AG-917-P07_contigs.fasta	AG-917-P07_NODE_2	34857	35378	.	ba	0.0045762	488.48
gdiff	AG-414-O11_contigs.fasta	AG-917-P07_contigs.fasta	AG-917-P07_NODE_2	35668	36189	.	ba	0.010993	449.1
gdiff	AG-414-O11_contigs.fasta	AG-917-P07_contigs.fasta	AG-917-P07_NODE_2	35851	36372	.	ba	0.0046451	488.01
gdiff	AG-414-O11_contigs.fasta	AG-917-P07_contigs.fasta	AG-917-P07_NODE_2	35883	36404	.	ba	0.004867	486.5
gdiff	AG-414-O11_contigs.fasta	AG-917-P07_contigs.fasta	AG-917-P07_NODE_2	36849	37370	.	ba	0.0016681	511.01
gdiff	AG-414-O11_contigs.fasta	AG-917-P07_contigs.fasta	AG-917-P07_NODE_2	38066	38587	.	ba	0.0035174	495.98
gdiff	AG-414-O11_contigs.fasta	AG-917-P07_contigs.fasta	AG-917-P07_NODE_2	38803	39324	.	ba	0.0070328	472.49
gdiff	AG-414-O11_contigs.fasta	AG-917-P07_contigs.fasta	AG-917-P07_NODE_2	39680	40201	.	ba	0.0078403	467.52
gdiff	AG-414-O11_contigs.fasta	AG-917-P07_contigs.fasta	AG-917-P07_NODE_2	41792	42313	.	ba	0.012979	438.12
gdiff	AG-414-O11_contigs.fasta	AG-917-P07_contigs.fasta	AG-917-P07_NODE_2	41996	42517	.	ba	0.013136	437.27
gdiff	AG-414-O11_contigs.fasta	AG-917-P07_contigs.fasta	AG-917-P07_NODE_2	43566	44087	.	ba	0.0081751	465.5
gdiff	AG-414-O11_contigs.fasta	AG-917-P07_contigs.fasta	AG-917-P07_NODE_2	43569	44090	.	ba	0.0081751	465.5
gdiff	AG-414-O11_contigs.fasta	AG-917-P07_contigs.fasta	AG-917-P07_NODE_2	43959	44480	.	ba	0.0047128	487.55
gdiff	AG-414-O11_contigs.fasta	AG-917-P07_contigs.fasta	AG-917-P07_NODE_2	44156	44677	.	ba	0.0063663	476.68
gdiff	AG-414-O11_contigs.fasta	AG-917-P07_contigs.fasta	AG-917-P07_NODE_2	44226	44747	.	ba	0.0041958	491.12
gdiff	AG-414-O11_contigs.fasta	AG-917-P07_contigs.fasta	AG-917-P07_NODE_2	44749	45270	.	ba	0.014085	432.18
gdiff	AG-414-O11_contigs.fasta	AG-917-P07_contigs.fasta	AG-917-P07_NODE_2	46865	47386	.	ba	0.023129	387.42
gdiff	AG-414-O11_contigs.fasta	AG-917-P07_contigs.fasta	AG-917-P07_NODE_2	47942	48463	.	ba	0.017319	415.45
gdiff	AG-414-O11_contigs.fasta	AG-917-P07_contigs.fasta	AG-917-P07_NODE_2	48941	49462	.	ba	0.012181	442.48
gdiff	AG-414-O11_contigs.fasta	AG-917-P07_contigs.fasta	AG-917-P07_NODE_2	49485	50006	.	ba	0.01384	433.48
gdiff	AG-414-O11_contigs.fasta	AG-917-P07_contigs.fasta	AG-917-P07_NODE_2	49687	50208	.	ba	0.020292	400.81
gdiff	AG-414-O11_contigs.fasta	AG-917-P07_contigs.fasta	AG-917-P07_NODE_2	50135	50656	.	ba	0.012356	441.52
gdiff	AG-414-O11_contigs.fasta	AG-917-P07_contigs.fasta	AG-917-P07_NODE_2	51098	51619	.	ba	4.7832e-08	583.52
gdiff	AG-414-O11_contigs.fasta	AG-917-P07_contigs.fasta	AG-917-P07_NODE_2	52889	53410	.	ba	0.0046879	487.72
gdiff	AG-414-O11_contigs.fasta	AG-917-P07_contigs.fasta	AG-917-P07_NODE_2	56111	56632	.	ba	0.0084102	464.09
gdiff	AG-414-O11_contigs.fasta	AG-917-P07_contigs.fasta	AG-917-P07_NODE_2	57070	57591	.	ba	0.026727	371.19
gdiff	AG-414-O11_contigs.fasta	AG-917-P07_contigs.fasta	AG-917-P07_NODE_2	58391	58912	.	ba	0.0044081	489.64
gdiff	AG-414-O11_contigs.fasta	AG-917-P07_contigs.fasta	AG-917-P07_NODE_2	58792	59313	.	ba	0.015764	423.38
gdiff	AG-414-O11_contigs.fasta	AG-917-P07_contigs.fasta	AG-917-P07_NODE_2	60456	60977	.	ba	0.0071892	471.52
gdiff	AG-414-O11_contigs.fasta	AG-917-P07_contigs.fasta	AG-917-P07_NODE_2	61477	61998	.	ba	4.7832e-08	583.52
gdiff	AG-414-O11_contigs.fasta	AG-917-P07_contigs.fasta	AG-917-P07_NODE_2	64069	64590	.	ba	0.0085072	463.51
gdiff	AG-414-O11_contigs.fasta	AG-917-P07_contigs.fasta	AG-917-P07_NODE_2	65360	65881	.	ba	0.020065	401.9
gdiff	AG-414-O11_contigs.fasta	AG-917-P07_contigs.fasta	AG-917-P07_NODE_2	66837	67358	.	ba	0.012788	439.16
gdiff	AG-414-O11_contigs.fasta	AG-917-P07_contigs.fasta	AG-917-P07_NODE_2	68406	68927	.	ba	0.029343	359.88
gdiff	AG-414-O11_contigs.fasta	AG-917-P07_contigs.fasta	AG-917-P07_NODE_2	68884	69405	.	ba	0.0027904	501.49
gdiff	AG-414-O11_contigs.fasta	AG-917-P07_contigs.fasta	AG-917-P07_NODE_2	69274	69795	.	ba	0.014379	430.62
gdiff	AG-414-O11_contigs.fasta	AG-917-P07_contigs.fasta	AG-917-P07_NODE_2	69491	70012	.	ba	0.016183	421.22
gdiff	AG-414-O11_contigs.fasta	AG-917-P07_contigs.fasta	AG-917-P07_NODE_2	70496	71017	.	ba	0.024043	383.22
gdiff	AG-414-O11_contigs.fasta	AG-917-P07_contigs.fasta	AG-917-P07_NODE_2	70500	71021	.	ba	0.024043	383.22
gdiff	AG-414-O11_contigs.fasta	AG-917-P07_contigs.fasta	AG-917-P07_NODE_2	72483	73004	.	ba	0.014098	432.11
gdiff	AG-414-O11_contigs.fasta	AG-917-P07_contigs.fasta	AG-917-P07_NODE_2	75056	75577	.	ba	0.021336	395.82
gdiff	AG-414-O11_contigs.fasta	AG-917-P07_contigs.fasta	AG-917-P07_NODE_2	79466	79987	.	ba	0.012897	438.56
gdiff	AG-414-O11_contigs.fasta	AG-917-P07_contigs.fasta	AG-917-P07_NODE_2	80571	81092	.	ba	0.0044196	489.56
gdiff	AG-414-O11_contigs.fasta	AG-917-P07_contigs.fasta	AG-917-P07_NODE_2	82083	82604	.	ba	0.019454	404.87
gdiff	AG-414-O11_contigs.fasta	AG-917-P07_contigs.fasta	AG-917-P07_NODE_2	82391	82912	.	ba	0.02244	390.62
gdiff	AG-414-O11_contigs.fasta	AG-917-P07_contigs.fasta	AG-917-P07_NODE_2	82655	83176	.	ba	0.015898	422.69
gdiff	AG-414-O11_contigs.fasta	AG-917-P07_contigs.fasta	AG-917-P07_NODE_2	85577	86098	.	ba	0.01197	443.65
gdiff	AG-414-O11_contigs.fasta	AG-917-P07_contigs.fasta	AG-917-P07_NODE_2	85632	86153	.	ba	0.012601	440.17
gdiff	AG-414-O11_contigs.fasta	AG-917-P07_contigs.fasta	AG-917-P07_NODE_2	85964	86485	.	ba	0.021759	393.82
gdiff	AG-414-O11_contigs.fasta	AG-917-P07_contigs.fasta	AG-917-P07_NODE_2	86784	87305	.	ba	0.0041958	491.12
gdiff	AG-414-O11_contigs.fasta	AG-917-P07_contigs.fasta	AG-917-P07_NODE_2	87568	88089	.	ba	0.012174	442.52
gdiff	AG-414-O11_contigs.fasta	AG-917-P07_contigs.fasta	AG-917-P07_NODE_2	89610	90131	.	ba	0.013663	434.43
gdiff	AG-414-O11_contigs.fasta	AG-917-P07_contigs.fasta	AG-917-P07_NODE_2	90199	90720	.	ba	0.004481	489.14
gdiff	AG-414-O11_contigs.fasta	AG-917-P07_contigs.fasta	AG-917-P07_NODE_2	92207	92728	.	ba	0.042482	308.29
gdiff	AG-414-O11_contigs.fasta	AG-917-P07_contigs.fasta	AG-917-P07_NODE_2	95842	96363	.	ba	0.0065761	475.35
gdiff	AG-414-O11_contigs.fasta	AG-917-P07_contigs.fasta	AG-917-P07_NODE_2	96353	96874	.	ba	0.0028218	501.24
gdiff	AG-414-O11_contigs.fasta	AG-917-P07_contigs.fasta	AG-917-P07_NODE_2	96494	97015	.	ba	0.0061187	478.26
gdiff	AG-414-O11_contigs.fasta	AG-917-P07_contigs.fasta	AG-917-P07_NODE_2	96561	97082	.	ba	0.0068078	473.89
gdiff	AG-414-O11_contigs.fasta	AG-917-P07_contigs.fasta	AG-917-P07_NODE_2	97582	98103	.	ba	0.0080224	466.42
gdiff	AG-414-O11_contigs.fasta	AG-917-P07_contigs.fasta	AG-917-P07_NODE_2	98268	98789	.	ba	0.010389	452.52
gdiff	AG-414-O11_contigs.fasta	AG-917-P07_contigs.fasta	AG-917-P07_NODE_2	100013	100534	.	ba	0.0059605	479.28
gdiff	AG-414-O11_contigs.fasta	AG-917-P07_contigs.fasta	AG-917-P07_NODE_2	100589	101110	.	ba	0.0042122	491
gdiff	AG-414-O11_contigs.fasta	AG-917-P07_contigs.fasta	AG-917-P07_NODE_2	100978	101499	.	ba	0.0017169	510.56
gdiff	AG-414-O11_contigs.fasta	AG-917-P07_contigs.fasta	AG-917-P07_NODE_2	101563	102084	.	ba	0.012305	441.8
gdiff	AG-414-O11_contigs.fasta	AG-917-P07_contigs.fasta	AG-917-P07_NODE_2	102002	102523	.	ba	0.032679	345.98
gdiff	AG-414-O11_contigs.fasta	AG-917-P07_contigs.fasta	AG-917-P07_NODE_2	105197	105718	.	ba	0.010496	451.92
gdiff	AG-414-O11_contigs.fasta	AG-917-P07_contigs.fasta	AG-917-P07_NODE_2	105581	106102	.	ba	0.0071636	471.68
gdiff	AG-414-O11_contigs.fasta	AG-917-P07_contigs.fasta	AG-917-P07_NODE_2	106782	107303	.	ba	0.0025442	503.44
gdiff	AG-414-O11_contigs.fasta	AG-917-P07_contigs.fasta	AG-917-P07_NODE_2	106939	107460	.	ba	0.0022263	506.06
gdiff	AG-414-O11_contigs.fasta	AG-917-P07_contigs.fasta	AG-917-P07_NODE_2	107479	108000	.	ba	0.0019593	508.37
gdiff	AG-414-O11_contigs.fasta	AG-917-P07_contigs.fasta	AG-917-P07_NODE_2	107484	108005	.	ba	0.0019593	508.37
gdiff	AG-414-O11_contigs.fasta	AG-917-P07_contigs.fasta	AG-917-P07_NODE_2	107698	108219	.	ba	0.0077677	467.96
gdiff	AG-414-O11_contigs.fasta	AG-917-P07_contigs.fasta	AG-917-P07_NODE_2	108134	108655	.	ba	0.0047763	487.11
gdiff	AG-414-O11_contigs.fasta	AG-917-P07_contigs.fasta	AG-917-P07_NODE_2	110058	110579	.	ba	4.7832e-08	583.52
gdiff	AG-414-O11_contigs.fasta	AG-917-P07_contigs.fasta	AG-917-P07_NODE_2	110289	110810	.	ba	4.7832e-08	583.52
gdiff	AG-414-O11_contigs.fasta	AG-917-P07_contigs.fasta	AG-917-P07_NODE_2	111494	112015	.	ba	4.7832e-08	583.52
gdiff	AG-414-O11_contigs.fasta	AG-917-P07_contigs.fasta	AG-917-P07_NODE_2	111767	112288	.	ba	4.7832e-08	583.52
gdiff	AG-414-O11_contigs.fasta	AG-917-P07_contigs.fasta	AG-917-P07_NODE_2	111980	112501	.	ba	4.7832e-08	583.52
gdiff	AG-414-O11_contigs.fasta	AG-917-P07_contigs.fasta	AG-917-P07_NODE_2	112008	112529	.	ba	4.7832e-08	583.52
gdiff	AG-414-O11_contigs.fasta	AG-917-P07_contigs.fasta	AG-917-P07_NODE_2	113084	113605	.	ba	4.7832e-08	583.52
gdiff	AG-414-O11_contigs.fasta	AG-917-P07_contigs.fasta	AG-917-P07_NODE_2	113109	113630	.	ba	4.7832e-08	583.52
gdiff	AG-414-O11_contigs.fasta	AG-917-P07_contigs.fasta	AG-917-P07_NODE_3	1703	2224	.	ba	0.26006	7.7284
gdiff	AG-414-O11_contigs.fasta	AG-917-P07_contigs.fasta	AG-917-P07_NODE_3	3199	3720	.	ba	0.25284	9.4361
gdiff	AG-414-O11_contigs.fasta	AG-917-P07_contigs.fasta	AG-917-P07_NODE_3	3513	4034	.	ba	0.22734	17.65
gdiff	AG-414-O11_contigs.fasta	AG-917-P07_contigs.fasta	AG-917-P07_NODE_3	3558	4079	.	ba	0.21203	24.554
gdiff	AG-414-O11_contigs.fasta	AG-917-P07_contigs.fasta	AG-917-P07_NODE_3	4413	4934	.	ba	0.27325	5.1794
gdiff	AG-414-O11_contigs.fasta	AG-917-P07_contigs.fasta	AG-917-P07_NODE_3	5601	6122	.	ba	0.16928	54.463
gdiff	AG-414-O11_contigs.fasta	AG-917-P07_contigs.fasta	AG-917-P07_NODE_3	7478	7999	.	ba	0.17528	49.149
gdiff	AG-414-O11_contigs.fasta	AG-917-P07_contigs.fasta	AG-917-P07_NODE_3	8644	9165	.	ba	0.14572	79.588
gdiff	AG-414-O11_contigs.fasta	AG-917-P07_contigs.fasta	AG-917-P07_NODE_3	11094	11615	.	ba	0.086633	180.72
gdiff	AG-414-O11_contigs.fasta	AG-917-P07_contigs.fasta	AG-917-P07_NODE_3	11491	12012	.	ba	0.095847	160.61
gdiff	AG-414-O11_contigs.fasta	AG-917-P07_contigs.fasta	AG-917-P07_NODE_3	18687	19208	.	ba	0.0072702	471.02
gdiff	AG-414-O11_contigs.fasta	AG-917-P07_contigs.fasta	AG-917-P07_NODE_3	18896	19417	.	ba	0.010395	452.49
gdiff	AG-414-O11_contigs.fasta	AG-917-P07_contigs.fasta	AG-917-P07_NODE_3	19645	20166	.	ba	0.016944	417.34
gdiff	AG-414-O11_contigs.fasta	AG-917-P07_contigs.fasta	AG-917-P07_NODE_3	20008	20529	.	ba	0.016183	421.22
gdiff	AG-414-O11_contigs.fasta	AG-917-P07_contigs.fasta	AG-917-P07_NODE_3	20451	20972	.	ba	0.010699	450.76
gdiff	AG-414-O11_contigs.fasta	AG-917-P07_contigs.fasta	AG-917-P07_NODE_3	21115	21636	.	ba	0.013076	437.59
gdiff	AG-414-O11_contigs.fasta	AG-917-P07_contigs.fasta	AG-917-P07_NODE_3	23462	23983	.	ba	0.0040244	492.33
gdiff	AG-414-O11_contigs.fasta	AG-917-P07_contigs.fasta	AG-917-P07_NODE_3	25920	26441	.	ba	0.023129	387.42
gdiff	AG-414-O11_contigs.fasta	AG-917-P07_contigs.fasta	AG-917-P07_NODE_3	27328	27849	.	ba	0.027727	366.82
gdiff	AG-414-O11_contigs.fasta	AG-917-P07_contigs.fasta	AG-917-P07_NODE_3	29400	29921	.	ba	0.0050972	484.95
gdiff	AG-414-O11_contigs.fasta	AG-917-P07_contigs.fasta	AG-917-P07_NODE_3	30097	30618	.	ba	0.0020328	507.72
gdiff	AG-414-O11_contigs.fasta	AG-917-P07_contigs.fasta	AG-917-P07_NODE_3	31335	31856	.	ba	0.0098362	455.7
gdiff	AG-414-O11_contigs.fasta	AG-917-P07_contigs.fasta	AG-917-P07_NODE_3	32355	32876	.	ba	4.7832e-08	583.52
gdiff	AG-414-O11_contigs.fasta	AG-917-P07_contigs.fasta	AG-917-P07_NODE_3	32667	33188	.	ba	4.7832e-08	583.52
gdiff	AG-414-O11_contigs.fasta	AG-917-P07_contigs.fasta	AG-917-P07_NODE_3	34012	34533	.	ba	0.0063663	476.68
gdiff	AG-414-O11_contigs.fasta	AG-917-P07_contigs.fasta	AG-917-P07_NODE_3	35299	35820	.	ba	0.0044892	489.08
gdiff	AG-414-O11_contigs.fasta	AG-917-P07_contigs.fasta	AG-917-P07_NODE_3	35693	36214	.	ba	0.0046417	488.03
gdiff	AG-414-O11_contigs.fasta	AG-917-P07_contigs.fasta	AG-917-P07_NODE_3	39675	40196	.	ba	0.01091	449.57
gdiff	AG-414-O11_contigs.fasta	AG-917-P07_contigs.fasta	AG-917-P07_NODE_3	41582	42103	.	ba	0.016018	422.07
gdiff	AG-414-O11_contigs.fasta	AG-917-P07_contigs.fasta	AG-917-P07_NODE_3	42224	42745	.	ba	0.025306	377.51
gdiff	AG-414-O11_contigs.fasta	AG-917-P07_contigs.fasta	AG-917-P07_NODE_3	42514	43035	.	ba	0.034565	338.38
gdiff	AG-414-O11_contigs.fasta	AG-917-P07_contigs.fasta	AG-917-P07_NODE_3	44870	45391	.	ba	0.028902	361.75
gdiff	AG-414-O11_contigs.fasta	AG-917-P07_contigs.fasta	AG-917-P07_NODE_3	48801	49322	.	ba	0.006945	473.04
gdiff	AG-414-O11_contigs.fasta	AG-917-P07_contigs.fasta	AG-917-P07_NODE_3	49858	50379	.	ba	0.0058618	479.92
gdiff	AG-414-O11_contigs.fasta	AG-917-P07_contigs.fasta	AG-917-P07_NODE_3	50634	51155	.	ba	4.7832e-08	583.52
gdiff	AG-414-O11_contigs.fasta	AG-917-P07_contigs.fasta	AG-917-P07_NODE_3	51133	51654	.	ba	0.00043476	526.27
gdiff	AG-414-O11_contigs.fasta	AG-917-P07_contigs.fasta	AG-917-P07_NODE_3	54891	55412	.	ba	0.34244	0.032502
gdiff	AG-414-O11_contigs.fasta	AG-917-P07_contigs.fasta	AG-917-P07_NODE_3	55671	56192	.	ba	0.046634	293.57
gdiff	AG-414-O11_contigs.fasta	AG-917-P07_contigs.fasta	AG-917-P07_NODE_3	57072	57593	.	ba	0.0018619	509.23
gdiff	AG-414-O11_contigs.fasta	AG-917-P07_contigs.fasta	AG-917-P07_NODE_3	57713	58234	.	ba	0.024542	380.95
gdiff	AG-414-O11_contigs.fasta	AG-917-P07_contigs.fasta	AG-917-P07_NODE_3	57731	58252	.	ba	0.026659	371.49
gdiff	AG-414-O11_contigs.fasta	AG-917-P07_contigs.fasta	AG-917-P07_NODE_3	59578	60099	.	ba	0.029589	358.83
gdiff	AG-414-O11_contigs.fasta	AG-917-P07_contigs.fasta	AG-917-P07_NODE_3	60976	61497	.	ba	0.0062606	477.35
gdiff	AG-414-O11_contigs.fasta	AG-917-P07_contigs.fasta	AG-917-P07_NODE_3	61302	61823	.	ba	0.018993	407.12
gdiff	AG-414-O11_contigs.fasta	AG-917-P07_contigs.fasta	AG-917-P07_NODE_3	65804	66325	.	ba	0.0074605	469.84
gdiff	AG-414-O11_contigs.fasta	AG-917-P07_contigs.fasta	AG-917-P07_NODE_3	66284	66805	.	ba	0.011453	446.52
gdiff	AG-414-O11_contigs.fasta	AG-917-P07_contigs.fasta	AG-917-P07_NODE_3	68144	68665	.	ba	0.0035676	495.61
gdiff	AG-414-O11_contigs.fasta	AG-917-P07_contigs.fasta	AG-917-P07_NODE_3	72111	72632	.	ba	0.14757	77.349
gdiff	AG-414-O11_contigs.fasta	AG-917-P07_contigs.fasta	AG-917-P07_NODE_3	72624	73145	.	ba	0.071446	218.2
gdiff	AG-414-O11_contigs.fasta	AG-917-P07_contigs.fasta	AG-917-P07_NODE_3	74719	75240	.	ba	0.012508	440.69
gdiff	AG-414-O11_contigs.fasta	AG-917-P07_contigs.fasta	AG-917-P07_NODE_3	76322	76843	.	ba	0.055027	265.83
gdiff	AG-414-O11_contigs.fasta	AG-917-P07_contigs.fasta	AG-917-P07_NODE_3	76458	76979	.	ba	0.084504	185.64
gdiff	AG-414-O11_contigs.fasta	AG-917-P07_contigs.fasta	AG-917-P07_NODE_3	77919	78440	.	ba	0.085063	184.34
gdiff	AG-414-O11_contigs.fasta	AG-917-P07_contigs.fasta	AG-917-P07_NODE_3	78353	78874	.	ba	0.042951	306.59
gdiff	AG-414-O11_contigs.fasta	AG-917-P07_contigs.fasta	AG-917-P07_NODE_3	78446	78967	.	ba	0.021647	394.34
gdiff	AG-414-O11_contigs.fasta	AG-917-P07_contigs.fasta	AG-917-P07_NODE_3	79985	80506	.	ba	0.0069558	472.97
gdiff	AG-414-O11_contigs.fasta	AG-917-P07_contigs.fasta	AG-917-P07_NODE_3	80733	81254	.	ba	0.011314	447.29
gdiff	AG-414-O11_contigs.fasta	AG-917-P07_contigs.fasta	AG-917-P07_NODE_3	81029	81550	.	ba	0.0046209	488.17
gdiff	AG-414-O11_contigs.fasta	AG-917-P07_contigs.fasta	AG-917-P07_NODE_3	82621	83142	.	ba	0.003993	492.55
gdiff	AG-414-O11_contigs.fasta	AG-917-P07_contigs.fasta	AG-917-P07_NODE_3	83804	84325	.	ba	0.0061187	478.26
gdiff	AG-414-O11_contigs.fasta	AG-917-P07_contigs.fasta	AG-917-P07_NODE_3	85020	85541	.	ba	0.0019776	508.2
gdiff	AG-414-O11_contigs.fasta	AG-917-P07_contigs.fasta	AG-917-P07_NODE_3	86350	86871	.	ba	4.7832e-08	583.52
gdiff	AG-414-O11_contigs.fasta	AG-917-P07_contigs.fasta	AG-917-P07_NODE_3	86919	87440	.	ba	0.0033531	497.19
gdiff	AG-414-O11_contigs.fasta	AG-917-P07_contigs.fasta	AG-917-P07_NODE_3	88236	88757	.	ba	0.03467	337.96
gdiff	AG-414-O11_contigs.fasta	AG-917-P07_contigs.fasta	AG-917-P07_NODE_3	90087	90608	.	ba	0.0020345	507.71
gdiff	AG-414-O11_contigs.fasta	AG-917-P07_contigs.fasta	AG-917-P07_NODE_3	91273	91794	.	ba	0.0015103	512.52
gdiff	AG-414-O11_contigs.fasta	AG-917-P07_contigs.fasta	AG-917-P07_NODE_3	91342	91863	.	ba	4.7832e-08	583.52
gdiff	AG-414-O11_contigs.fasta	AG-917-P07_contigs.fasta	AG-917-P07_NODE_3	93244	93765	.	ba	0.0003739	527.53
gdiff	AG-414-O11_contigs.fasta	AG-917-P07_contigs.fasta	AG-917-P07_NODE_3	93376	93897	.	ba	0.0023489	505.04
gdiff	AG-414-O11_contigs.fasta	AG-917-P07_contigs.fasta	AG-917-P07_NODE_3	94443	94964	.	ba	0.016134	421.48
gdiff	AG-414-O11_contigs.fasta	AG-917-P07_contigs.fasta	AG-917-P07_NODE_3	95622	96143	.	ba	0.019358	405.34
gdiff	AG-414-O11_contigs.fasta	AG-917-P07_contigs.fasta	AG-917-P07_NODE_3	96918	97439	.	ba	4.7832e-08	583.52
gdiff	AG-414-O11_contigs.fasta	AG-917-P07_contigs.fasta	AG-917-P07_NODE_3	101134	101655	.	ba	0.0085279	463.38
gdiff	AG-414-O11_contigs.fasta	AG-917-P07_contigs.fasta	AG-917-P07_NODE_4	100	621	.	ba	0.2915	2.6863
gdiff	AG-414-O11_contigs.fasta	AG-917-P07_contigs.fasta	AG-917-P07_NODE_4	422	943	.	ba	0.2915	2.6863
gdiff	AG-414-O11_contigs.fasta	AG-917-P07_contigs.fasta	AG-917-P07_NODE_4	1138	1659	.	ba	0.28151	3.9169
gdiff	AG-414-O11_contigs.fasta	AG-917-P07_contigs.fasta	AG-917-P07_NODE_4	1985	2506	.	ba	0.30059	1.8109
gdiff	AG-414-O11_contigs.fasta	AG-917-P07_contigs.fasta	AG-917-P07_NODE_4	2826	3347	.	ba	0.34991	0
gdiff	AG-414-O11_contigs.fasta	AG-917-P07_contigs.fasta	AG-917-P07_NODE_4	3497	4018	.	ba	0.26415	6.8625
gdiff	AG-414-O11_contigs.fasta	AG-917-P07_contigs.fasta	AG-917-P07_NODE_4	3646	4167	.	ba	0.25284	9.4361
gdiff	AG-414-O11_contigs.fasta	AG-917-P07_contigs.fasta	AG-917-P07_NODE_4	3686	4207	.	ba	0.25629	8.5904
gdiff	AG-414-O11_contigs.fasta	AG-917-P07_contigs.fasta	AG-917-P07_NODE_4	5475	5996	.	ba	0.2662	6.4537
gdiff	AG-414-O11_contigs.fasta	AG-917-P07_contigs.fasta	AG-917-P07_NODE_4	6032	6553	.	ba	0.27897	4.2804
gdiff	AG-414-O11_contigs.fasta	AG-917-P07_contigs.fasta	AG-917-P07_NODE_4	7025	7546	.	ba	0.3215	0.53021
gdiff	AG-414-O11_contigs.fasta	AG-917-P07_contigs.fasta	AG-917-P07_NODE_4	11115	11636	.	ba	0.28856	3.0169
gdiff	AG-414-O11_contigs.fasta	AG-917-P07_contigs.fasta	AG-917-P07_NODE_4	11289	11810	.	ba	0.23827	13.677
gdiff	AG-414-O11_contigs.fasta	AG-917-P07_contigs.fasta	AG-917-P07_NODE_4	12808	13329	.	ba	0.26876	5.9693
gdiff	AG-414-O11_contigs.fasta	AG-917-P07_contigs.fasta	AG-917-P07_NODE_4	13150	13671	.	ba	0.2915	2.6863
gdiff	AG-414-O11_contigs.fasta	AG-917-P07_contigs.fasta	AG-917-P07_NODE_4	13169	13690	.	ba	0.2915	2.6863
gdiff	AG-414-O11_contigs.fasta	AG-917-P07_contigs.fasta	AG-917-P07_NODE_4	13973	14494	.	ba	0.26006	7.7284
gdiff	AG-414-O11_contigs.fasta	AG-917-P07_contigs.fasta	AG-917-P07_NODE_4	15906	16427	.	ba	0.34991	0
gdiff	AG-414-O11_contigs.fasta	AG-917-P07_contigs.fasta	AG-917-P07_NODE_4	16072	16593	.	ba	0.34991	0
gdiff	AG-414-O11_contigs.fasta	AG-917-P07_contigs.fasta	AG-917-P07_NODE_4	18007	18528	.	ba	0.34991	0
gdiff	AG-414-O11_contigs.fasta	AG-917-P07_contigs.fasta	AG-917-P07_NODE_4	19379	19900	.	ba	0.23103	16.224
gdiff	AG-414-O11_contigs.fasta	AG-917-P07_contigs.fasta	AG-917-P07_NODE_4	21703	22224	.	ba	0.31685	0.73798
gdiff	AG-414-O11_contigs.fasta	AG-917-P07_contigs.fasta	AG-917-P07_NODE_4	22598	23119	.	ba	0.25284	9.4361
gdiff	AG-414-O11_contigs.fasta	AG-917-P07_contigs.fasta	AG-917-P07_NODE_4	24319	24840	.	ba	0.24371	11.959
gdiff	AG-414-O11_contigs.fasta	AG-917-P07_contigs.fasta	AG-917-P07_NODE_4	24362	24883	.	ba	0.24806	10.705
gdiff	AG-414-O11_contigs.fasta	AG-917-P07_contigs.fasta	AG-917-P07_NODE_4	26716	27237	.	ba	0.22058	20.491
gdiff	AG-414-O11_contigs.fasta	AG-917-P07_contigs.fasta	AG-917-P07_NODE_4	26876	27397	.	ba	0.22339	19.273
gdiff	AG-414-O11_contigs.fasta	AG-917-P07_contigs.fasta	AG-917-P07_NODE_4	28771	29292	.	ba	0.26469	6.7524
gdiff	AG-414-O11_contigs.fasta	AG-917-P07_contigs.fasta	AG-917-P07_NODE_4	28808	29329	.	ba	0.26469	6.7524
gdiff	AG-414-O11_contigs.fasta	AG-917-P07_contigs.fasta	AG-917-P07_NODE_4	29782	30303	.	ba	0.24427	11.793
gdiff	AG-414-O11_contigs.fasta	AG-917-P07_contigs.fasta	AG-917-P07_NODE_4	30345	30866	.	ba	0.34991	0
gdiff	AG-414-O11_contigs.fasta	AG-917-P07_contigs.fasta	AG-917-P07_NODE_4	31218	31739	.	ba	nan	nan
gdiff	AG-414-O11_contigs.fasta	AG-917-P07_contigs.fasta	AG-917-P07_NODE_4	31438	31959	.	ba	0.34991	0
gdiff	AG-414-O11_contigs.fasta	AG-917-P07_contigs.fasta	AG-917-P07_NODE_4	31541	32062	.	ba	0.28856	3.0169
gdiff	AG-414-O11_contigs.fasta	AG-917-P07_contigs.fasta	AG-917-P07_NODE_4	31600	32121	.	ba	0.28856	3.0169
gdiff	AG-414-O11_contigs.fasta	AG-917-P07_contigs.fasta	AG-917-P07_NODE_4	32635	33156	.	ba	0.30414	1.5268
gdiff	AG-414-O11_contigs.fasta	AG-917-P07_contigs.fasta	AG-917-P07_NODE_4	32896	33417	.	ba	0.27099	5.568
gdiff	AG-414-O11_contigs.fasta	AG-917-P07_contigs.fasta	AG-917-P07_NODE_4	35872	36393	.	ba	0.015061	427.03
gdiff	AG-414-O11_contigs.fasta	AG-917-P07_contigs.fasta	AG-917-P07_NODE_4	36760	37281	.	ba	0.019563	404.33
gdiff	AG-414-O11_contigs.fasta	AG-917-P07_contigs.fasta	AG-917-P07_NODE_4	37018	37539	.	ba	0.014939	427.67
gdiff	AG-414-O11_contigs.fasta	AG-917-P07_contigs.fasta	AG-917-P07_NODE_4	38504	39025	.	ba	0.012483	440.82
gdiff	AG-414-O11_contigs.fasta	AG-917-P07_contigs.fasta	AG-917-P07_NODE_4	38528	39049	.	ba	0.010279	453.16
gdiff	AG-414-O11_contigs.fasta	AG-917-P07_contigs.fasta	AG-917-P07_NODE_4	39753	40274	.	ba	0.011453	446.52
gdiff	AG-414-O11_contigs.fasta	AG-917-P07_contigs.fasta	AG-917-P07_NODE_4	40213	40734	.	ba	0.015266	425.96
gdiff	AG-414-O11_contigs.fasta	AG-917-P07_contigs.fasta	AG-917-P07_NODE_4	42667	43188	.	ba	0.027192	369.16
gdiff	AG-414-O11_contigs.fasta	AG-917-P07_contigs.fasta	AG-917-P07_NODE_4	43256	43777	.	ba	0.0073809	470.33
gdiff	AG-414-O11_contigs.fasta	AG-917-P07_contigs.fasta	AG-917-P07_NODE_4	43431	43952	.	ba	0.0032477	497.98
gdiff	AG-414-O11_contigs.fasta	AG-917-P07_contigs.fasta	AG-917-P07_NODE_4	43655	44176	.	ba	0.0029544	500.21
gdiff	AG-414-O11_contigs.fasta	AG-917-P07_contigs.fasta	AG-917-P07_NODE_4	43658	44179	.	ba	0.0029201	500.48
gdiff	AG-414-O11_contigs.fasta	AG-917-P07_contigs.fasta	AG-917-P07_NODE_4	43826	44347	.	ba	0.0040713	491.99
gdiff	AG-414-O11_contigs.fasta	AG-917-P07_contigs.fasta	AG-917-P07_NODE_4	45558	46079	.	ba	0.0064276	476.29
gdiff	AG-414-O11_contigs.fasta	AG-917-P07_contigs.fasta	AG-917-P07_NODE_4	46104	46625	.	ba	0.0061714	477.92
gdiff	AG-414-O11_contigs.fasta	AG-917-P07_contigs.fasta	AG-917-P07_NODE_4	46666	47187	.	ba	0.015722	423.6
gdiff	AG-414-O11_contigs.fasta	AG-917-P07_contigs.fasta	AG-917-P07_NODE_4	48244	48765	.	ba	0.010541	451.66
gdiff	AG-414-O11_contigs.fasta	AG-917-P07_contigs.fasta	AG-917-P07_NODE_4	48943	49464	.	ba	0.011392	446.86
gdiff	AG-414-O11_contigs.fasta	AG-917-P07_contigs.fasta	AG-917-P07_NODE_4	49538	50059	.	ba	0.035125	336.15
gdiff	AG-414-O11_contigs.fasta	AG-917-P07_contigs.fasta	AG-917-P07_NODE_4	50252	50773	.	ba	0.013558	435
gdiff	AG-414-O11_contigs.fasta	AG-917-P07_contigs.fasta	AG-917-P07_NODE_4	52562	53083	.	ba	0.017489	414.59
gdiff	AG-414-O11_contigs.fasta	AG-917-P07_contigs.fasta	AG-917-P07_NODE_4	55399	55920	.	ba	0.031534	350.68
gdiff	AG-414-O11_contigs.fasta	AG-917-P07_contigs.fasta	AG-917-P07_NODE_4	56222	56743	.	ba	0.01148	446.37
gdiff	AG-414-O11_contigs.fasta	AG-917-P07_contigs.fasta	AG-917-P07_NODE_4	56864	57385	.	ba	0.0054668	482.5
gdiff	AG-414-O11_contigs.fasta	AG-917-P07_contigs.fasta	AG-917-P07_NODE_4	59181	59702	.	ba	0.027892	366.11
gdiff	AG-414-O11_contigs.fasta	AG-917-P07_contigs.fasta	AG-917-P07_NODE_4	60310	60831	.	ba	0.036121	332.24
gdiff	AG-414-O11_contigs.fasta	AG-917-P07_contigs.fasta	AG-917-P07_NODE_4	60829	61350	.	ba	0.019506	404.61
gdiff	AG-414-O11_contigs.fasta	AG-917-P07_contigs.fasta	AG-917-P07_NODE_4	60871	61392	.	ba	0.028279	364.43
gdiff	AG-414-O11_contigs.fasta	AG-917-P07_contigs.fasta	AG-917-P07_NODE_4	60903	61424	.	ba	0.031303	351.64
gdiff	AG-414-O11_contigs.fasta	AG-917-P07_contigs.fasta	AG-917-P07_NODE_4	61054	61575	.	ba	0.041509	311.84
gdiff	AG-414-O11_contigs.fasta	AG-917-P07_contigs.fasta	AG-917-P07_NODE_4	65265	65786	.	ba	0.0048573	486.56
gdiff	AG-414-O11_contigs.fasta	AG-917-P07_contigs.fasta	AG-917-P07_NODE_4	66766	67287	.	ba	0.017522	414.43
gdiff	AG-414-O11_contigs.fasta	AG-917-P07_contigs.fasta	AG-917-P07_NODE_4	66848	67369	.	ba	0.010989	449.12
gdiff	AG-414-O11_contigs.fasta	AG-917-P07_contigs.fasta	AG-917-P07_NODE_4	66947	67468	.	ba	0.01456	429.66
gdiff	AG-414-O11_contigs.fasta	AG-917-P07_contigs.fasta	AG-917-P07_NODE_4	67446	67967	.	ba	0.0086693	462.54
gdiff	AG-414-O11_contigs.fasta	AG-917-P07_contigs.fasta	AG-917-P07_NODE_4	69045	69566	.	ba	0.27099	5.568
gdiff	AG-414-O11_contigs.fasta	AG-917-P07_contigs.fasta	AG-917-P07_NODE_4	70009	70530	.	ba	0.23974	13.196
gdiff	AG-414-O11_contigs.fasta	AG-917-P07_contigs.fasta	AG-917-P07_NODE_4	72690	73211	.	ba	0.27648	4.6579
gdiff	AG-414-O11_contigs.fasta	AG-917-P07_contigs.fasta	AG-917-P07_NODE_4	75001	75522	.	ba	0.24062	12.913
gdiff	AG-414-O11_contigs.fasta	AG-917-P07_contigs.fasta	AG-917-P07_NODE_4	77534	78055	.	ba	0.26876	5.9693
gdiff	AG-414-O11_contigs.fasta	AG-917-P07_contigs.fasta	AG-917-P07_NODE_4	78045	78566	.	ba	0.24642	11.167
gdiff	AG-414-O11_contigs.fasta	AG-917-P07_contigs.fasta	AG-917-P07_NODE_4	78062	78583	.	ba	0.24642	11.167
gdiff	AG-414-O11_contigs.fasta	AG-917-P07_contigs.fasta	AG-917-P07_NODE_4	79407	79928	.	ba	0.22566	18.325
gdiff	AG-414-O11_contigs.fasta	AG-917-P07_contigs.fasta	AG-917-P07_NODE_4	80062	80583	.	ba	nan	nan
gdiff	AG-414-O11_contigs.fasta	AG-917-P07_contigs.fasta	AG-917-P07_NODE_4	80345	80866	.	ba	0.23268	15.613
gdiff	AG-414-O11_contigs.fasta	AG-917-P07_contigs.fasta	AG-917-P07_NODE_4	80786	81307	.	ba	0.21092	25.123
gdiff	AG-414-O11_contigs.fasta	AG-917-P07_contigs.fasta	AG-917-P07_NODE_4	82458	82979	.	ba	0.30414	1.5268
gdiff	AG-414-O11_contigs.fasta	AG-917-P07_contigs.fasta	AG-917-P07_NODE_4	83274	83795	.	ba	0.3215	0.53021
gdiff	AG-414-O11_contigs.fasta	AG-917-P07_contigs.fasta	AG-917-P07_NODE_4	84642	85163	.	ba	0.30414	1.5268
gdiff	AG-414-O11_contigs.fasta	AG-917-P07_contigs.fasta	AG-917-P07_NODE_4	85114	85635	.	ba	0.22004	20.73
gdiff	AG-414-O11_contigs.fasta	AG-917-P07_contigs.fasta	AG-917-P07_NODE_4	86035	86556	.	ba	0.25284	9.4361
gdiff	AG-414-O11_contigs.fasta	AG-917-P07_contigs.fasta	AG-917-P07_NODE_4	86110	86631	.	ba	0.25816	8.1539
gdiff	AG-414-O11_contigs.fasta	AG-917-P07_contigs.fasta	AG-917-P07_NODE_4	88259	88780	.	ba	0.23268	15.613
gdiff	AG-414-O11_contigs.fasta	AG-917-P07_contigs.fasta	AG-917-P07_NODE_4	88938	89459	.	ba	0.27099	5.568
gdiff	AG-414-O11_contigs.fasta	AG-917-P07_contigs.fasta	AG-917-P07_NODE_4	89274	89795	.	ba	0.2662	6.4537
gdiff	AG-414-O11_contigs.fasta	AG-917-P07_contigs.fasta	AG-917-P07_NODE_4	93183	93704	.	ba	0.28856	3.0169
gdiff	AG-414-O11_contigs.fasta	AG-917-P07_contigs.fasta	AG-917-P07_NODE_4	94196	94717	.	ba	0.22409	18.976
gdiff	AG-414-O11_contigs.fasta	AG-917-P07_contigs.fasta	AG-917-P07_NODE_4	94690	95211	.	ba	0.27099	5.568
gdiff	AG-414-O11_contigs.fasta	AG-917-P07_contigs.fasta	AG-917-P07_NODE_4	96504	97025	.	ba	0.30059	1.8109
gdiff	AG-414-O11_contigs.fasta	AG-917-P07_contigs.fasta	AG-917-P07_NODE_4	96969	97490	.	ba	0.22409	18.976
gdiff	AG-414-O11_contigs.fasta	AG-917-P07_contigs.fasta	AG-917-P07_NODE_4	97890	98411	.	ba	0.25816	8.1539
gdiff	AG-414-O11_contigs.fasta	AG-917-P07_contigs.fasta	AG-917-P07_NODE_4	98673	99194	.	ba	0.23404	15.126
gdiff	AG-414-O11_contigs.fasta	AG-917-P07_contigs.fasta	AG-917-P07_NODE_4	98755	99276	.	ba	0.22953	16.793
gdiff	AG-414-O11_contigs.fasta	AG-917-P07_contigs.fasta	AG-917-P07_NODE_5	1192	1713	.	ba	0.0068573	473.58
gdiff	AG-414-O11_contigs.fasta	AG-917-P07_contigs.fasta	AG-917-P07_NODE_5	2968	3489	.	ba	0.0046854	487.73
gdiff	AG-414-O11_contigs.fasta	AG-917-P07_contigs.fasta	AG-917-P07_NODE_5	4981	5502	.	ba	0.011492	446.3
gdiff	AG-414-O11_contigs.fasta	AG-917-P07_contigs.fasta	AG-917-P07_NODE_5	5469	5990	.	ba	0.0075235	469.46
gdiff	AG-414-O11_contigs.fasta	AG-917-P07_contigs.fasta	AG-917-P07_NODE_5	7315	7836	.	ba	0.0087174	462.26
gdiff	AG-414-O11_contigs.fasta	AG-917-P07_contigs.fasta	AG-917-P07_NODE_5	8262	8783	.	ba	4.7832e-08	583.52
gdiff	AG-414-O11_contigs.fasta	AG-917-P07_contigs.fasta	AG-917-P07_NODE_5	9058	9579	.	ba	0.014833	428.23
gdiff	AG-414-O11_contigs.fasta	AG-917-P07_contigs.fasta	AG-917-P07_NODE_5	12494	13015	.	ba	0.0057934	480.36
gdiff	AG-414-O11_contigs.fasta	AG-917-P07_contigs.fasta	AG-917-P07_NODE_5	13763	14284	.	ba	0.0026304	502.75
gdiff	AG-414-O11_contigs.fasta	AG-917-P07_contigs.fasta	AG-917-P07_NODE_5	14323	14844	.	ba	0.0047759	487.12
gdiff	AG-414-O11_contigs.fasta	AG-917-P07_contigs.fasta	AG-917-P07_NODE_5	15368	15889	.	ba	0.039739	318.4
gdiff	AG-414-O11_contigs.fasta	AG-917-P07_contigs.fasta	AG-917-P07_NODE_5	15770	16291	.	ba	0.05145	277.34
gdiff	AG-414-O11_contigs.fasta	AG-917-P07_contigs.fasta	AG-917-P07_NODE_5	16441	16962	.	ba	0.045974	295.87
gdiff	AG-414-O11_contigs.fasta	AG-917-P07_contigs.fasta	AG-917-P07_NODE_5	16612	17133	.	ba	0.07021	221.52
gdiff	AG-414-O11_contigs.fasta	AG-917-P07_contigs.fasta	AG-917-P07_NODE_5	16734	17255	.	ba	0.084997	184.49
gdiff	AG-414-O11_contigs.fasta	AG-917-P07_contigs.fasta	AG-917-P07_NODE_5	19774	20295	.	ba	0.023245	386.89
gdiff	AG-414-O11_contigs.fasta	AG-917-P07_contigs.fasta	AG-917-P07_NODE_5	20480	21001	.	ba	0.013294	436.41
gdiff	AG-414-O11_contigs.fasta	AG-917-P07_contigs.fasta	AG-917-P07_NODE_5	20785	21306	.	ba	0.013281	436.48
gdiff	AG-414-O11_contigs.fasta	AG-917-P07_contigs.fasta	AG-917-P07_NODE_5	24333	24854	.	ba	0.0024364	504.32
gdiff	AG-414-O11_contigs.fasta	AG-917-P07_contigs.fasta	AG-917-P07_NODE_5	25515	26036	.	ba	0.0042463	490.76
gdiff	AG-414-O11_contigs.fasta	AG-917-P07_contigs.fasta	AG-917-P07_NODE_5	26037	26558	.	ba	0.0014053	513.56
gdiff	AG-414-O11_contigs.fasta	AG-917-P07_contigs.fasta	AG-917-P07_NODE_5	29739	30260	.	ba	0.0082661	464.95
gdiff	AG-414-O11_contigs.fasta	AG-917-P07_contigs.fasta	AG-917-P07_NODE_5	29959	30480	.	ba	0.0040713	491.99
gdiff	AG-414-O11_contigs.fasta	AG-917-P07_contigs.fasta	AG-917-P07_NODE_5	30815	31336	.	ba	0.0103	453.03
gdiff	AG-414-O11_contigs.fasta	AG-917-P07_contigs.fasta	AG-917-P07_NODE_5	32525	33046	.	ba	0.0064314	476.27
gdiff	AG-414-O11_contigs.fasta	AG-917-P07_contigs.fasta	AG-917-P07_NODE_5	33923	34444	.	ba	0.0020564	507.52
gdiff	AG-414-O11_contigs.fasta	AG-917-P07_contigs.fasta	AG-917-P07_NODE_5	35050	35571	.	ba	0.011104	448.47
gdiff	AG-414-O11_contigs.fasta	AG-917-P07_contigs.fasta	AG-917-P07_NODE_5	35847	36368	.	ba	0.0062303	477.55
gdiff	AG-414-O11_contigs.fasta	AG-917-P07_contigs.fasta	AG-917-P07_NODE_5	35999	36520	.	ba	0.0060405	478.76
gdiff	AG-414-O11_contigs.fasta	AG-917-P07_contigs.fasta	AG-917-P07_NODE_5	38022	38543	.	ba	0.0099692	454.93
gdiff	AG-414-O11_contigs.fasta	AG-917-P07_contigs.fasta	AG-917-P07_NODE_5	39447	39968	.	ba	0.0029883	499.95
gdiff	AG-414-O11_contigs.fasta	AG-917-P07_contigs.fasta	AG-917-P07_NODE_5	40142	40663	.	ba	0.010881	449.73
gdiff	AG-414-O11_contigs.fasta	AG-917-P07_contigs.fasta	AG-917-P07_NODE_5	40492	41013	.	ba	0.0018226	509.59
gdiff	AG-414-O11_contigs.fasta	AG-917-P07_contigs.fasta	AG-917-P07_NODE_5	42651	43172	.	ba	0.0073709	470.39
gdiff	AG-414-O11_contigs.fasta	AG-917-P07_contigs.fasta	AG-917-P07_NODE_5	45631	46152	.	ba	0.0061658	477.96
gdiff	AG-414-O11_contigs.fasta	AG-917-P07_contigs.fasta	AG-917-P07_NODE_5	46815	47336	.	ba	0.0024851	503.92
gdiff	AG-414-O11_contigs.fasta	AG-917-P07_contigs.fasta	AG-917-P07_NODE_5	46889	47410	.	ba	0.0046209	488.17
gdiff	AG-414-O11_contigs.fasta	AG-917-P07_contigs.fasta	AG-917-P07_NODE_5	50919	51440	.	ba	0.0033445	497.26
gdiff	AG-414-O11_contigs.fasta	AG-917-P07_contigs.fasta	AG-917-P07_NODE_5	53464	53985	.	ba	0.010623	451.19
gdiff	AG-414-O11_contigs.fasta	AG-917-P07_contigs.fasta	AG-917-P07_NODE_5	53538	54059	.	ba	0.0090176	460.48
gdiff	AG-414-O11_contigs.fasta	AG-917-P07_contigs.fasta	AG-917-P07_NODE_5	56952	57473	.	ba	0.0097371	456.28
gdiff	AG-414-O11_contigs.fasta	AG-917-P07_contigs.fasta	AG-917-P07_NODE_5	57389	57910	.	ba	0.0093783	458.36
gdiff	AG-414-O11_contigs.fasta	AG-917-P07_contigs.fasta	AG-917-P07_NODE_5	57765	58286	.	ba	0.0032615	497.88
gdiff	AG-414-O11_contigs.fasta	AG-917-P07_contigs.fasta	AG-917-P07_NODE_5	57861	58382	.	ba	0.005188	484.34
gdiff	AG-414-O11_contigs.fasta	AG-917-P07_contigs.fasta	AG-917-P07_NODE_5	61301	61822	.	ba	0.0019226	508.69
gdiff	AG-414-O11_contigs.fasta	AG-917-P07_contigs.fasta	AG-917-P07_NODE_5	62609	63130	.	ba	0.0015612	512.03
gdiff	AG-414-O11_contigs.fasta	AG-917-P07_contigs.fasta	AG-917-P07_NODE_5	63002	63523	.	ba	4.7832e-08	583.52
gdiff	AG-414-O11_contigs.fasta	AG-917-P07_contigs.fasta	AG-917-P07_NODE_5	64642	65163	.	ba	0.0052136	484.17
gdiff	AG-414-O11_contigs.fasta	AG-917-P07_contigs.fasta	AG-917-P07_NODE_5	64681	65202	.	ba	0.0050595	485.2
gdiff	AG-414-O11_contigs.fasta	AG-917-P07_contigs.fasta	AG-917-P07_NODE_5	65631	66152	.	ba	0.014539	429.78
gdiff	AG-414-O11_contigs.fasta	AG-917-P07_contigs.fasta	AG-917-P07_NODE_5	66191	66712	.	ba	0.014153	431.82
gdiff	AG-414-O11_contigs.fasta	AG-917-P07_contigs.fasta	AG-917-P07_NODE_5	67312	67833	.	ba	0.017137	416.37
gdiff	AG-414-O11_contigs.fasta	AG-917-P07_contigs.fasta	AG-917-P07_NODE_5	67422	67943	.	ba	0.011581	445.8
gdiff	AG-414-O11_contigs.fasta	AG-917-P07_contigs.fasta	AG-917-P07_NODE_5	69412	69933	.	ba	0.030241	356.08
gdiff	AG-414-O11_contigs.fasta	AG-917-P07_contigs.fasta	AG-917-P07_NODE_5	69433	69954	.	ba	0.030995	352.92
gdiff	AG-414-O11_contigs.fasta	AG-917-P07_contigs.fasta	AG-917-P07_NODE_5	71332	71853	.	ba	0.031064	352.64
gdiff	AG-414-O11_contigs.fasta	AG-917-P07_contigs.fasta	AG-917-P07_NODE_5	72425	72946	.	ba	0.0069099	473.25
gdiff	AG-414-O11_contigs.fasta	AG-917-P07_contigs.fasta	AG-917-P07_NODE_5	72444	72965	.	ba	0.0086057	462.92
gdiff	AG-414-O11_contigs.fasta	AG-917-P07_contigs.fasta	AG-917-P07_NODE_5	72732	73253	.	ba	0.0074352	470
gdiff	AG-414-O11_contigs.fasta	AG-917-P07_contigs.fasta	AG-917-P07_NODE_5	74161	74682	.	ba	0.017843	412.82
gdiff	AG-414-O11_contigs.fasta	AG-917-P07_contigs.fasta	AG-917-P07_NODE_5	74508	75029	.	ba	0.035531	334.55
gdiff	AG-414-O11_contigs.fasta	AG-917-P07_contigs.fasta	AG-917-P07_NODE_5	75205	75726	.	ba	0.034768	337.57
gdiff	AG-414-O11_contigs.fasta	AG-917-P07_contigs.fasta	AG-917-P07_NODE_5	75749	76270	.	ba	0.015679	423.82
gdiff	AG-414-O11_contigs.fasta	AG-917-P07_contigs.fasta	AG-917-P07_NODE_6	416	937	.	ba	0.006945	473.04
gdiff	AG-414-O11_contigs.fasta	AG-917-P07_contigs.fasta	AG-917-P07_NODE_6	3221	3742	.	ba	0.0055932	481.67
gdiff	AG-414-O11_contigs.fasta	AG-917-P07_contigs.fasta	AG-917-P07_NODE_6	4150	4671	.	ba	0.0027231	502.02
gdiff	AG-414-O11_contigs.fasta	AG-917-P07_contigs.fasta	AG-917-P07_NODE_6	4256	4777	.	ba	0.0061317	478.18
gdiff	AG-414-O11_contigs.fasta	AG-917-P07_contigs.fasta	AG-917-P07_NODE_6	4571	5092	.	ba	0.0032915	497.65
gdiff	AG-414-O11_contigs.fasta	AG-917-P07_contigs.fasta	AG-917-P07_NODE_6	5172	5693	.	ba	0.015072	426.98
gdiff	AG-414-O11_contigs.fasta	AG-917-P07_contigs.fasta	AG-917-P07_NODE_6	5519	6040	.	ba	0.013076	437.59
gdiff	AG-414-O11_contigs.fasta	AG-917-P07_contigs.fasta	AG-917-P07_NODE_6	5833	6354	.	ba	0.0053768	483.09
gdiff	AG-414-O11_contigs.fasta	AG-917-P07_contigs.fasta	AG-917-P07_NODE_6	8356	8877	.	ba	0.003559	495.68
gdiff	AG-414-O11_contigs.fasta	AG-917-P07_contigs.fasta	AG-917-P07_NODE_6	8357	8878	.	ba	0.003559	495.68
gdiff	AG-414-O11_contigs.fasta	AG-917-P07_contigs.fasta	AG-917-P07_NODE_6	8446	8967	.	ba	0.0055498	481.95
gdiff	AG-414-O11_contigs.fasta	AG-917-P07_contigs.fasta	AG-917-P07_NODE_6	8502	9023	.	ba	0.0057973	480.34
gdiff	AG-414-O11_contigs.fasta	AG-917-P07_contigs.fasta	AG-917-P07_NODE_6	11338	11859	.	ba	0.0016921	510.79
gdiff	AG-414-O11_contigs.fasta	AG-917-P07_contigs.fasta	AG-917-P07_NODE_6	11628	12149	.	ba	0.0037214	494.49
gdiff	AG-414-O11_contigs.fasta	AG-917-P07_contigs.fasta	AG-917-P07_NODE_6	14135	14656	.	ba	0.10781	137.14
gdiff	AG-414-O11_contigs.fasta	AG-917-P07_contigs.fasta	AG-917-P07_NODE_6	16064	16585	.	ba	0.023173	387.22
gdiff	AG-414-O11_contigs.fasta	AG-917-P07_contigs.fasta	AG-917-P07_NODE_6	18734	19255	.	ba	0.065111	235.63
gdiff	AG-414-O11_contigs.fasta	AG-917-P07_contigs.fasta	AG-917-P07_NODE_6	20190	20711	.	ba	0.018198	411.05
gdiff	AG-414-O11_contigs.fasta	AG-917-P07_contigs.fasta	AG-917-P07_NODE_6	20771	21292	.	ba	0.036987	328.87
gdiff	AG-414-O11_contigs.fasta	AG-917-P07_contigs.fasta	AG-917-P07_NODE_6	21679	22200	.	ba	0.092153	168.45
gdiff	AG-414-O11_contigs.fasta	AG-917-P07_contigs.fasta	AG-917-P07_NODE_6	27656	28177	.	ba	0.017653	413.77
gdiff	AG-414-O11_contigs.fasta	AG-917-P07_contigs.fasta	AG-917-P07_NODE_6	27712	28233	.	ba	0.017477	414.65
gdiff	AG-414-O11_contigs.fasta	AG-917-P07_contigs.fasta	AG-917-P07_NODE_6	28752	29273	.	ba	0.044228	302.01
gdiff	AG-414-O11_contigs.fasta	AG-917-P07_contigs.fasta	AG-917-P07_NODE_6	28851	29372	.	ba	0.037372	327.38
gdiff	AG-414-O11_contigs.fasta	AG-917-P07_contigs.fasta	AG-917-P07_NODE_6	29648	30169	.	ba	0.024924	379.23
gdiff	AG-414-O11_contigs.fasta	AG-917-P07_contigs.fasta	AG-917-P07_NODE_6	32444	32965	.	ba	0.033178	343.95
gdiff	AG-414-O11_contigs.fasta	AG-917-P07_contigs.fasta	AG-917-P07_NODE_6	32817	33338	.	ba	0.0051177	484.81
gdiff	AG-414-O11_contigs.fasta	AG-917-P07_contigs.fasta	AG-917-P07_NODE_6	33948	34469	.	ba	0.0033741	497.04
gdiff	AG-414-O11_contigs.fasta	AG-917-P07_contigs.fasta	AG-917-P07_NODE_6	34089	34610	.	ba	0.00072183	521.54
gdiff	AG-414-O11_contigs.fasta	AG-917-P07_contigs.fasta	AG-917-P07_NODE_6	34580	35101	.	ba	4.7832e-08	583.52
gdiff	AG-414-O11_contigs.fasta	AG-917-P07_contigs.fasta	AG-917-P07_NODE_6	35697	36218	.	ba	0.0038148	493.82
gdiff	AG-414-O11_contigs.fasta	AG-917-P07_contigs.fasta	AG-917-P07_NODE_6	35855	36376	.	ba	0.0042122	491
gdiff	AG-414-O11_contigs.fasta	AG-917-P07_contigs.fasta	AG-917-P07_NODE_6	36131	36652	.	ba	0.0011627	516.11
gdiff	AG-414-O11_contigs.fasta	AG-917-P07_contigs.fasta	AG-917-P07_NODE_6	36622	37143	.	ba	0.0057408	480.7
gdiff	AG-414-O11_contigs.fasta	AG-917-P07_contigs.fasta	AG-917-P07_NODE_6	37203	37724	.	ba	0.027021	369.9
gdiff	AG-414-O11_contigs.fasta	AG-917-P07_contigs.fasta	AG-917-P07_NODE_6	38548	39069	.	ba	0.0078387	467.53
gdiff	AG-414-O11_contigs.fasta	AG-917-P07_contigs.fasta	AG-917-P07_NODE_6	38670	39191	.	ba	0.010004	454.73
gdiff	AG-414-O11_contigs.fasta	AG-917-P07_contigs.fasta	AG-917-P07_NODE_6	39375	39896	.	ba	0.0071751	471.6
gdiff	AG-414-O11_contigs.fasta	AG-917-P07_contigs.fasta	AG-917-P07_NODE_6	41105	41626	.	ba	0.0088361	461.55
gdiff	AG-414-O11_contigs.fasta	AG-917-P07_contigs.fasta	AG-917-P07_NODE_6	42733	43254	.	ba	0.011264	447.57
gdiff	AG-414-O11_contigs.fasta	AG-917-P07_contigs.fasta	AG-917-P07_NODE_6	44689	45210	.	ba	0.0026227	502.81
gdiff	AG-414-O11_contigs.fasta	AG-917-P07_contigs.fasta	AG-917-P07_NODE_6	44977	45498	.	ba	0.0081492	465.65
gdiff	AG-414-O11_contigs.fasta	AG-917-P07_contigs.fasta	AG-917-P07_NODE_6	47001	47522	.	ba	0.00059928	523.38
gdiff	AG-414-O11_contigs.fasta	AG-917-P07_contigs.fasta	AG-917-P07_NODE_6	48922	49443	.	ba	0.0017169	510.56
gdiff	AG-414-O11_contigs.fasta	AG-917-P07_contigs.fasta	AG-917-P07_NODE_6	49069	49590	.	ba	0.0029179	500.49
gdiff	AG-414-O11_contigs.fasta	AG-917-P07_contigs.fasta	AG-917-P07_NODE_6	50436	50957	.	ba	0.0015273	512.35
gdiff	AG-414-O11_contigs.fasta	AG-917-P07_contigs.fasta	AG-917-P07_NODE_6	51218	51739	.	ba	0.0050249	485.44
gdiff	AG-414-O11_contigs.fasta	AG-917-P07_contigs.fasta	AG-917-P07_NODE_6	52905	53426	.	ba	0.0031139	498.99
gdiff	AG-414-O11_contigs.fasta	AG-917-P07_contigs.fasta	AG-917-P07_NODE_6	55324	55845	.	ba	0.022756	389.15
gdiff	AG-414-O11_contigs.fasta	AG-917-P07_contigs.fasta	AG-917-P07_NODE_6	55845	56366	.	ba	0.0058624	479.92
gdiff	AG-414-O11_contigs.fasta	AG-917-P07_contigs.fasta	AG-917-P07_NODE_6	56969	57490	.	ba	0.013083	437.55
gdiff	AG-414-O11_contigs.fasta	AG-917-P07_contigs.fasta	AG-917-P07_NODE_6	57609	58130	.	ba	0.0096712	456.66
gdiff	AG-414-O11_contigs.fasta	AG-917-P07_contigs.fasta	AG-917-P07_NODE_6	58825	59346	.	ba	0.026617	371.68
gdiff	AG-414-O11_contigs.fasta	AG-917-P07_contigs.fasta	AG-917-P07_NODE_6	61851	62372	.	ba	0.0069099	473.25
gdiff	AG-414-O11_contigs.fasta	AG-917-P07_contigs.fasta	AG-917-P07_NODE_6	64572	65093	.	ba	0.032636	346.16
gdiff	AG-414-O11_contigs.fasta	AG-917-P07_contigs.fasta	AG-917-P07_NODE_6	65160	65681	.	ba	0.003239	498.05
gdiff	AG-414-O11_contigs.fasta	AG-917-P07_contigs.fasta	AG-917-P07_NODE_6	65312	65833	.	ba	0.0078414	467.52
gdiff	AG-414-O11_contigs.fasta	AG-917-P07_contigs.fasta	AG-917-P07_NODE_6	67489	68010	.	ba	0.001211	515.58
gdiff	AG-414-O11_contigs.fasta	AG-917-P07_contigs.fasta	AG-917-P07_NODE_7	427	948	.	ba	0.0035174	495.98
gdiff	AG-414-O11_contigs.fasta	AG-917-P07_contigs.fasta	AG-917-P07_NODE_7	760	1281	.	ba	0.0048755	486.44
gdiff	AG-414-O11_contigs.fasta	AG-917-P07_contigs.fasta	AG-917-P07_NODE_7	1784	2305	.	ba	0.0071974	471.47
gdiff	AG-414-O11_contigs.fasta	AG-917-P07_contigs.fasta	AG-917-P07_NODE_7	2228	2749	.	ba	0.0075286	469.43
gdiff	AG-414-O11_contigs.fasta	AG-917-P07_contigs.fasta	AG-917-P07_NODE_7	3989	4510	.	ba	0.013897	433.18
gdiff	AG-414-O11_contigs.fasta	AG-917-P07_contigs.fasta	AG-917-P07_NODE_7	8851	9372	.	ba	0.025987	374.47
gdiff	AG-414-O11_contigs.fasta	AG-917-P07_contigs.fasta	AG-917-P07_NODE_7	9968	10489	.	ba	0.023108	387.52
gdiff	AG-414-O11_contigs.fasta	AG-917-P07_contigs.fasta	AG-917-P07_NODE_7	10539	11060	.	ba	0.0073709	470.39
gdiff	AG-414-O11_contigs.fasta	AG-917-P07_contigs.fasta	AG-917-P07_NODE_7	11390	11911	.	ba	0.0076656	468.59
gdiff	AG-414-O11_contigs.fasta	AG-917-P07_contigs.fasta	AG-917-P07_NODE_7	12610	13131	.	ba	0.0038251	493.75
gdiff	AG-414-O11_contigs.fasta	AG-917-P07_contigs.fasta	AG-917-P07_NODE_7	15482	16003	.	ba	0.051694	276.54
gdiff	AG-414-O11_contigs.fasta	AG-917-P07_contigs.fasta	AG-917-P07_NODE_7	15862	16383	.	ba	0.032383	347.19
gdiff	AG-414-O11_contigs.fasta	AG-917-P07_contigs.fasta	AG-917-P07_NODE_7	18481	19002	.	ba	0.0063972	476.48
gdiff	AG-414-O11_contigs.fasta	AG-917-P07_contigs.fasta	AG-917-P07_NODE_7	19573	20094	.	ba	0.0014949	512.67
gdiff	AG-414-O11_contigs.fasta	AG-917-P07_contigs.fasta	AG-917-P07_NODE_7	22229	22750	.	ba	0.0032477	497.98
gdiff	AG-414-O11_contigs.fasta	AG-917-P07_contigs.fasta	AG-917-P07_NODE_7	23382	23903	.	ba	0.0038081	493.87
gdiff	AG-414-O11_contigs.fasta	AG-917-P07_contigs.fasta	AG-917-P07_NODE_7	24418	24939	.	ba	4.7832e-08	583.52
gdiff	AG-414-O11_contigs.fasta	AG-917-P07_contigs.fasta	AG-917-P07_NODE_7	26154	26675	.	ba	0.27404	5.0493
gdiff	AG-414-O11_contigs.fasta	AG-917-P07_contigs.fasta	AG-917-P07_NODE_7	26535	27056	.	ba	nan	nan
gdiff	AG-414-O11_contigs.fasta	AG-917-P07_contigs.fasta	AG-917-P07_NODE_7	30427	30948	.	ba	0.04003	317.31
gdiff	AG-414-O11_contigs.fasta	AG-917-P07_contigs.fasta	AG-917-P07_NODE_7	31414	31935	.	ba	0.0076656	468.59
gdiff	AG-414-O11_contigs.fasta	AG-917-P07_contigs.fasta	AG-917-P07_NODE_7	33308	33829	.	ba	4.7832e-08	583.52
gdiff	AG-414-O11_contigs.fasta	AG-917-P07_contigs.fasta	AG-917-P07_NODE_7	34305	34826	.	ba	0.0020948	507.19
gdiff	AG-414-O11_contigs.fasta	AG-917-P07_contigs.fasta	AG-917-P07_NODE_7	36684	37205	.	ba	4.7832e-08	583.52
gdiff	AG-414-O11_contigs.fasta	AG-917-P07_contigs.fasta	AG-917-P07_NODE_7	37904	38425	.	ba	0.0034005	496.84
gdiff	AG-414-O11_contigs.fasta	AG-917-P07_contigs.fasta	AG-917-P07_NODE_7	38546	39067	.	ba	0.0077606	468.01
gdiff	AG-414-O11_contigs.fasta	AG-917-P07_contigs.fasta	AG-917-P07_NODE_7	39332	39853	.	ba	0.0055838	481.73
gdiff	AG-414-O11_contigs.fasta	AG-917-P07_contigs.fasta	AG-917-P07_NODE_7	39419	39940	.	ba	0.0040132	492.41
gdiff	AG-414-O11_contigs.fasta	AG-917-P07_contigs.fasta	AG-917-P07_NODE_7	39941	40462	.	ba	4.7832e-08	583.52
gdiff	AG-414-O11_contigs.fasta	AG-917-P07_contigs.fasta	AG-917-P07_NODE_7	40220	40741	.	ba	0.0048573	486.56
gdiff	AG-414-O11_contigs.fasta	AG-917-P07_contigs.fasta	AG-917-P07_NODE_7	40511	41032	.	ba	0.0046664	487.86
gdiff	AG-414-O11_contigs.fasta	AG-917-P07_contigs.fasta	AG-917-P07_NODE_7	40992	41513	.	ba	0.0029544	500.21
gdiff	AG-414-O11_contigs.fasta	AG-917-P07_contigs.fasta	AG-917-P07_NODE_7	41010	41531	.	ba	0.0030619	499.39
gdiff	AG-414-O11_contigs.fasta	AG-917-P07_contigs.fasta	AG-917-P07_NODE_7	43110	43631	.	ba	0.0038081	493.87
gdiff	AG-414-O11_contigs.fasta	AG-917-P07_contigs.fasta	AG-917-P07_NODE_7	44214	44735	.	ba	0.0031762	498.52
gdiff	AG-414-O11_contigs.fasta	AG-917-P07_contigs.fasta	AG-917-P07_NODE_7	45444	45965	.	ba	0.0063972	476.48
gdiff	AG-414-O11_contigs.fasta	AG-917-P07_contigs.fasta	AG-917-P07_NODE_7	46945	47466	.	ba	0.003736	494.39
gdiff	AG-414-O11_contigs.fasta	AG-917-P07_contigs.fasta	AG-917-P07_NODE_7	48404	48925	.	ba	0.0067778	474.08
gdiff	AG-414-O11_contigs.fasta	AG-917-P07_contigs.fasta	AG-917-P07_NODE_7	49819	50340	.	ba	0.0069683	472.89
gdiff	AG-414-O11_contigs.fasta	AG-917-P07_contigs.fasta	AG-917-P07_NODE_7	50446	50967	.	ba	4.7832e-08	583.52
gdiff	AG-414-O11_contigs.fasta	AG-917-P07_contigs.fasta	AG-917-P07_NODE_7	51337	51858	.	ba	0.0044601	489.28
gdiff	AG-414-O11_contigs.fasta	AG-917-P07_contigs.fasta	AG-917-P07_NODE_8	811	1332	.	ba	0.011074	448.64
gdiff	AG-414-O11_contigs.fasta	AG-917-P07_contigs.fasta	AG-917-P07_NODE_8	7298	7819	.	ba	0.0097371	456.28
gdiff	AG-414-O11_contigs.fasta	AG-917-P07_contigs.fasta	AG-917-P07_NODE_8	8726	9247	.	ba	0.0061187	478.26
gdiff	AG-414-O11_contigs.fasta	AG-917-P07_contigs.fasta	AG-917-P07_NODE_8	11043	11564	.	ba	0.014659	429.14
gdiff	AG-414-O11_contigs.fasta	AG-917-P07_contigs.fasta	AG-917-P07_NODE_8	11357	11878	.	ba	0.018204	411.02
gdiff	AG-414-O11_contigs.fasta	AG-917-P07_contigs.fasta	AG-917-P07_NODE_8	13333	13854	.	ba	0.022276	391.39
gdiff	AG-414-O11_contigs.fasta	AG-917-P07_contigs.fasta	AG-917-P07_NODE_8	14158	14679	.	ba	0.014377	430.63
gdiff	AG-414-O11_contigs.fasta	AG-917-P07_contigs.fasta	AG-917-P07_NODE_8	15081	15602	.	ba	0.00874	462.12
gdiff	AG-414-O11_contigs.fasta	AG-917-P07_contigs.fasta	AG-917-P07_NODE_8	17064	17585	.	ba	0.0075543	469.27
gdiff	AG-414-O11_contigs.fasta	AG-917-P07_contigs.fasta	AG-917-P07_NODE_8	17953	18474	.	ba	0.019358	405.34
gdiff	AG-414-O11_contigs.fasta	AG-917-P07_contigs.fasta	AG-917-P07_NODE_8	18199	18720	.	ba	0.0097986	455.92
gdiff	AG-414-O11_contigs.fasta	AG-917-P07_contigs.fasta	AG-917-P07_NODE_8	18623	19144	.	ba	0.014653	429.17
gdiff	AG-414-O11_contigs.fasta	AG-917-P07_contigs.fasta	AG-917-P07_NODE_8	19361	19882	.	ba	0.035625	334.18
gdiff	AG-414-O11_contigs.fasta	AG-917-P07_contigs.fasta	AG-917-P07_NODE_8	23572	24093	.	ba	0.02696	370.17
gdiff	AG-414-O11_contigs.fasta	AG-917-P07_contigs.fasta	AG-917-P07_NODE_8	24485	25006	.	ba	0.035589	334.33
gdiff	AG-414-O11_contigs.fasta	AG-917-P07_contigs.fasta	AG-917-P07_NODE_8	28202	28723	.	ba	0.087105	179.64
gdiff	AG-414-O11_contigs.fasta	AG-917-P07_contigs.fasta	AG-917-P07_NODE_8	28574	29095	.	ba	0.0056336	481.4
gdiff	AG-414-O11_contigs.fasta	AG-917-P07_contigs.fasta	AG-917-P07_NODE_8	30178	30699	.	ba	0.082199	191.08
gdiff	AG-414-O11_contigs.fasta	AG-917-P07_contigs.fasta	AG-917-P07_NODE_8	33242	33763	.	ba	0.34244	0.032502
gdiff	AG-414-O11_contigs.fasta	AG-917-P07_contigs.fasta	AG-917-P07_NODE_8	33637	34158	.	ba	0.30414	1.5268
gdiff	AG-414-O11_contigs.fasta	AG-917-P07_contigs.fasta	AG-917-P07_NODE_8	34522	35043	.	ba	0.22601	18.181
gdiff	AG-414-O11_contigs.fasta	AG-917-P07_contigs.fasta	AG-917-P07_NODE_8	34724	35245	.	ba	0.23974	13.196
gdiff	AG-414-O11_contigs.fasta	AG-917-P07_contigs.fasta	AG-917-P07_NODE_8	35642	36163	.	ba	0.34991	0
gdiff	AG-414-O11_contigs.fasta	AG-917-P07_contigs.fasta	AG-917-P07_NODE_8	36325	36846	.	ba	0.22339	19.273
gdiff	AG-414-O11_contigs.fasta	AG-917-P07_contigs.fasta	AG-917-P07_NODE_8	36536	37057	.	ba	0.27648	4.6579
gdiff	AG-414-O11_contigs.fasta	AG-917-P07_contigs.fasta	AG-917-P07_NODE_8	37931	38452	.	ba	0.3215	0.53021
gdiff	AG-414-O11_contigs.fasta	AG-917-P07_contigs.fasta	AG-917-P07_NODE_8	38139	38660	.	ba	0.3215	0.53021
gdiff	AG-414-O11_contigs.fasta	AG-917-P07_contigs.fasta	AG-917-P07_NODE_8	39828	40349	.	ba	0.29717	2.1146
gdiff	AG-414-O11_contigs.fasta	AG-917-P07_contigs.fasta	AG-917-P07_NODE_8	41048	41569	.	ba	0.3215	0.53021
gdiff	AG-414-O11_contigs.fasta	AG-917-P07_contigs.fasta	AG-917-P07_NODE_8	41154	41675	.	ba	0.34991	0
gdiff	AG-414-O11_contigs.fasta	AG-917-P07_contigs.fasta	AG-917-P07_NODE_8	41156	41677	.	ba	0.34991	0
gdiff	AG-414-O11_contigs.fasta	AG-917-P07_contigs.fasta	AG-917-P07_NODE_8	41389	41910	.	ba	nan	nan
gdiff	AG-414-O11_contigs.fasta	AG-917-P07_contigs.fasta	AG-917-P07_NODE_8	41682	42203	.	ba	0.2915	2.6863
gdiff	AG-414-O11_contigs.fasta	AG-917-P07_contigs.fasta	AG-917-P07_NODE_8	42605	43126	.	ba	0.26876	5.9693
gdiff	AG-414-O11_contigs.fasta	AG-917-P07_contigs.fasta	AG-917-P07_NODE_8	46922	47443	.	ba	0.28291	3.7261
gdiff	AG-414-O11_contigs.fasta	AG-917-P07_contigs.fasta	AG-917-P07_NODE_8	47045	47566	.	ba	0.25814	8.1595
gdiff	AG-414-O11_contigs.fasta	AG-917-P07_contigs.fasta	AG-917-P07_NODE_8	47691	48212	.	ba	0.12295	111.3
gdiff	AG-414-O11_contigs.fasta	AG-917-P07_contigs.fasta	AG-917-P07_NODE_8	48059	48580	.	ba	0.12103	114.36
gdiff	AG-414-O11_contigs.fasta	AG-917-P07_contigs.fasta	AG-917-P07_NODE_8	48113	48634	.	ba	0.12626	106.2
gdiff	AG-414-O11_contigs.fasta	AG-917-P07_contigs.fasta	AG-917-P07_NODE_9	437	958	.	ba	0.34991	0
gdiff	AG-414-O11_contigs.fasta	AG-917-P07_contigs.fasta	AG-917-P07_NODE_9	1876	2397	.	ba	0.34991	0
gdiff	AG-414-O11_contigs.fasta	AG-917-P07_contigs.fasta	AG-917-P07_NODE_9	2109	2630	.	ba	0.30414	1.5268
gdiff	AG-414-O11_contigs.fasta	AG-917-P07_contigs.fasta	AG-917-P07_NODE_9	2292	2813	.	ba	0.30414	1.5268
gdiff	AG-414-O11_contigs.fasta	AG-917-P07_contigs.fasta	AG-917-P07_NODE_9	2401	2922	.	ba	0.19606	33.7
gdiff	AG-414-O11_contigs.fasta	AG-917-P07_contigs.fasta	AG-917-P07_NODE_9	3964	4485	.	ba	4.7832e-08	583.52
gdiff	AG-414-O11_contigs.fasta	AG-917-P07_contigs.fasta	AG-917-P07_NODE_9	4359	4880	.	ba	0.0049245	486.11
gdiff	AG-414-O11_contigs.fasta	AG-917-P07_contigs.fasta	AG-917-P07_NODE_9	7292	7813	.	ba	0.0046131	488.23
gdiff	AG-414-O11_contigs.fasta	AG-917-P07_contigs.fasta	AG-917-P07_NODE_9	8751	9272	.	ba	0.0052	484.26
gdiff	AG-414-O11_contigs.fasta	AG-917-P07_contigs.fasta	AG-917-P07_NODE_9	9943	10464	.	ba	0.0047934	487
gdiff	AG-414-O11_contigs.fasta	AG-917-P07_contigs.fasta	AG-917-P07_NODE_9	10935	11456	.	ba	0.0014305	513.31
gdiff	AG-414-O11_contigs.fasta	AG-917-P07_contigs.fasta	AG-917-P07_NODE_9	11183	11704	.	ba	0.0037643	494.19
gdiff	AG-414-O11_contigs.fasta	AG-917-P07_contigs.fasta	AG-917-P07_NODE_9	11975	12496	.	ba	0.00096931	518.33
gdiff	AG-414-O11_contigs.fasta	AG-917-P07_contigs.fasta	AG-917-P07_NODE_9	12343	12864	.	ba	0.0010681	517.17
gdiff	AG-414-O11_contigs.fasta	AG-917-P07_contigs.fasta	AG-917-P07_NODE_9	13603	14124	.	ba	0.0094494	457.95
gdiff	AG-414-O11_contigs.fasta	AG-917-P07_contigs.fasta	AG-917-P07_NODE_9	13802	14323	.	ba	0.0050114	485.53
gdiff	AG-414-O11_contigs.fasta	AG-917-P07_contigs.fasta	AG-917-P07_NODE_9	16578	17099	.	ba	0.016987	417.12
gdiff	AG-414-O11_contigs.fasta	AG-917-P07_contigs.fasta	AG-917-P07_NODE_9	17262	17783	.	ba	0.0057408	480.7
gdiff	AG-414-O11_contigs.fasta	AG-917-P07_contigs.fasta	AG-917-P07_NODE_9	17283	17804	.	ba	0.0046664	487.86
gdiff	AG-414-O11_contigs.fasta	AG-917-P07_contigs.fasta	AG-917-P07_NODE_9	18810	19331	.	ba	0.015318	425.7
gdiff	AG-414-O11_contigs.fasta	AG-917-P07_contigs.fasta	AG-917-P07_NODE_9	20015	20536	.	ba	0.023439	385.99
gdiff	AG-414-O11_contigs.fasta	AG-917-P07_contigs.fasta	AG-917-P07_NODE_9	22633	23154	.	ba	0.0029479	500.26
gdiff	AG-414-O11_contigs.fasta	AG-917-P07_contigs.fasta	AG-917-P07_NODE_9	23182	23703	.	ba	4.7832e-08	583.52
gdiff	AG-414-O11_contigs.fasta	AG-917-P07_contigs.fasta	AG-917-P07_NODE_9	24902	25423	.	ba	0.0030921	499.16
gdiff	AG-414-O11_contigs.fasta	AG-917-P07_contigs.fasta	AG-917-P07_NODE_9	25076	25597	.	ba	0.0026227	502.81
gdiff	AG-414-O11_contigs.fasta	AG-917-P07_contigs.fasta	AG-917-P07_NODE_9	25489	26010	.	ba	0.0082941	464.78
gdiff	AG-414-O11_contigs.fasta	AG-917-P07_contigs.fasta	AG-917-P07_NODE_9	27177	27698	.	ba	0.0052497	483.93
gdiff	AG-414-O11_contigs.fasta	AG-917-P07_contigs.fasta	AG-917-P07_NODE_9	28841	29362	.	ba	4.7832e-08	583.52
gdiff	AG-414-O11_contigs.fasta	AG-917-P07_contigs.fasta	AG-917-P07_NODE_9	30704	31225	.	ba	0.0071098	472.01
gdiff	AG-414-O11_contigs.fasta	AG-917-P07_contigs.fasta	AG-917-P07_NODE_9	31516	32037	.	ba	0.0083318	464.56
gdiff	AG-414-O11_contigs.fasta	AG-917-P07_contigs.fasta	AG-917-P07_NODE_9	33689	34210	.	ba	0.11305	127.74
gdiff	AG-414-O11_contigs.fasta	AG-917-P07_contigs.fasta	AG-917-P07_NODE_9	35518	36039	.	ba	0.0059289	479.48
gdiff	AG-414-O11_contigs.fasta	AG-917-P07_contigs.fasta	AG-917-P07_NODE_9	35994	36515	.	ba	0.01584	422.99
gdiff	AG-414-O11_contigs.fasta	AG-917-P07_contigs.fasta	AG-917-P07_NODE_9	36705	37226	.	ba	0.0051177	484.81
gdiff	AG-414-O11_contigs.fasta	AG-917-P07_contigs.fasta	AG-917-P07_NODE_9	40331	40852	.	ba	0.032948	344.88
gdiff	AG-414-O11_contigs.fasta	AG-917-P07_contigs.fasta	AG-917-P07_NODE_9	41245	41766	.	ba	0.017219	415.95
gdiff	AG-414-O11_contigs.fasta	AG-917-P07_contigs.fasta	AG-917-P07_NODE_9	41293	41814	.	ba	0.024811	379.74
gdiff	AG-414-O11_contigs.fasta	AG-917-P07_contigs.fasta	AG-917-P07_NODE_9	41810	42331	.	ba	0.010694	450.79
gdiff	AG-414-O11_contigs.fasta	AG-917-P07_contigs.fasta	AG-917-P07_NODE_9	42037	42558	.	ba	0.015764	423.38
gdiff	AG-414-O11_contigs.fasta	AG-917-P07_contigs.fasta	AG-917-P07_NODE_9	42310	42831	.	ba	0.026614	371.69
gdiff	AG-414-O11_contigs.fasta	AG-917-P07_contigs.fasta	AG-917-P07_NODE_9	42964	43485	.	ba	0.0024851	503.92
gdiff	AG-414-O11_contigs.fasta	AG-917-P07_contigs.fasta	AG-917-P07_NODE_9	43434	43955	.	ba	0.013497	435.32
gdiff	AG-414-O11_contigs.fasta	AG-917-P07_contigs.fasta	AG-917-P07_NODE_9	44427	44948	.	ba	0.0066842	474.67
gdiff	AG-414-O11_contigs.fasta	AG-917-P07_contigs.fasta	AG-917-P07_NODE_9	46610	47131	.	ba	0.022862	388.66
gdiff	AG-414-O11_contigs.fasta	AG-917-P07_contigs.fasta	AG-917-P07_NODE_9	46956	47477	.	ba	0.0054578	482.56
gdiff	AG-414-O11_contigs.fasta	AG-917-P07_contigs.fasta	AG-917-P07_NODE_9	48680	49201	.	ba	0.020079	401.84
gdiff	AG-414-O11_contigs.fasta	AG-917-P07_contigs.fasta	AG-917-P07_NODE_10	95	616	.	ba	0.012438	441.07
gdiff	AG-414-O11_contigs.fasta	AG-917-P07_contigs.fasta	AG-917-P07_NODE_10	666	1187	.	ba	0.009032	460.4
gdiff	AG-414-O11_contigs.fasta	AG-917-P07_contigs.fasta	AG-917-P07_NODE_10	2484	3005	.	ba	0.0059162	479.57
gdiff	AG-414-O11_contigs.fasta	AG-917-P07_contigs.fasta	AG-917-P07_NODE_10	4303	4824	.	ba	0.0017865	509.92
gdiff	AG-414-O11_contigs.fasta	AG-917-P07_contigs.fasta	AG-917-P07_NODE_10	4918	5439	.	ba	0.0012657	515
gdiff	AG-414-O11_contigs.fasta	AG-917-P07_contigs.fasta	AG-917-P07_NODE_10	6454	6975	.	ba	0.03194	349.01
gdiff	AG-414-O11_contigs.fasta	AG-917-P07_contigs.fasta	AG-917-P07_NODE_10	6455	6976	.	ba	0.032383	347.19
gdiff	AG-414-O11_contigs.fasta	AG-917-P07_contigs.fasta	AG-917-P07_NODE_10	8908	9429	.	ba	0.0028899	500.71
gdiff	AG-414-O11_contigs.fasta	AG-917-P07_contigs.fasta	AG-917-P07_NODE_10	9140	9661	.	ba	0.0049642	485.84
gdiff	AG-414-O11_contigs.fasta	AG-917-P07_contigs.fasta	AG-917-P07_NODE_10	9264	9785	.	ba	0.0066182	475.08
gdiff	AG-414-O11_contigs.fasta	AG-917-P07_contigs.fasta	AG-917-P07_NODE_10	10254	10775	.	ba	0.0020743	507.36
gdiff	AG-414-O11_contigs.fasta	AG-917-P07_contigs.fasta	AG-917-P07_NODE_10	10366	10887	.	ba	0.0046451	488.01
gdiff	AG-414-O11_contigs.fasta	AG-917-P07_contigs.fasta	AG-917-P07_NODE_10	12772	13293	.	ba	0.0042705	490.6
gdiff	AG-414-O11_contigs.fasta	AG-917-P07_contigs.fasta	AG-917-P07_NODE_10	14509	15030	.	ba	0.0074373	469.99
gdiff	AG-414-O11_contigs.fasta	AG-917-P07_contigs.fasta	AG-917-P07_NODE_10	14645	15166	.	ba	0.015599	424.23
gdiff	AG-414-O11_contigs.fasta	AG-917-P07_contigs.fasta	AG-917-P07_NODE_10	16572	17093	.	ba	0.055103	265.59
gdiff	AG-414-O11_contigs.fasta	AG-917-P07_contigs.fasta	AG-917-P07_NODE_10	16580	17101	.	ba	0.056282	261.89
gdiff	AG-414-O11_contigs.fasta	AG-917-P07_contigs.fasta	AG-917-P07_NODE_10	18397	18918	.	ba	0.096691	158.86
gdiff	AG-414-O11_contigs.fasta	AG-917-P07_contigs.fasta	AG-917-P07_NODE_10	18898	19419	.	ba	0.049823	282.73
gdiff	AG-414-O11_contigs.fasta	AG-917-P07_contigs.fasta	AG-917-P07_NODE_10	18958	19479	.	ba	0.033178	343.95
gdiff	AG-414-O11_contigs.fasta	AG-917-P07_contigs.fasta	AG-917-P07_NODE_10	19377	19898	.	ba	0.021585	394.64
gdiff	AG-414-O11_contigs.fasta	AG-917-P07_contigs.fasta	AG-917-P07_NODE_10	23384	23905	.	ba	0.027912	366.02
gdiff	AG-414-O11_contigs.fasta	AG-917-P07_contigs.fasta	AG-917-P07_NODE_10	26790	27311	.	ba	0.032314	347.47
gdiff	AG-414-O11_contigs.fasta	AG-917-P07_contigs.fasta	AG-917-P07_NODE_10	27854	28375	.	ba	0.021441	395.32
gdiff	AG-414-O11_contigs.fasta	AG-917-P07_contigs.fasta	AG-917-P07_NODE_10	28271	28792	.	ba	0.028956	361.52
gdiff	AG-414-O11_contigs.fasta	AG-917-P07_contigs.fasta	AG-917-P07_NODE_10	28425	28946	.	ba	0.050467	280.59
gdiff	AG-414-O11_contigs.fasta	AG-917-P07_contigs.fasta	AG-917-P07_NODE_10	28486	29007	.	ba	0.050342	281
gdiff	AG-414-O11_contigs.fasta	AG-917-P07_contigs.fasta	AG-917-P07_NODE_10	29698	30219	.	ba	0.049142	285.02
gdiff	AG-414-O11_contigs.fasta	AG-917-P07_contigs.fasta	AG-917-P07_NODE_10	31014	31535	.	ba	0.013897	433.18
gdiff	AG-414-O11_contigs.fasta	AG-917-P07_contigs.fasta	AG-917-P07_NODE_10	32258	32779	.	ba	0.0083764	464.29
gdiff	AG-414-O11_contigs.fasta	AG-917-P07_contigs.fasta	AG-917-P07_NODE_10	35149	35670	.	ba	0.0075782	469.12
gdiff	AG-414-O11_contigs.fasta	AG-917-P07_contigs.fasta	AG-917-P07_NODE_10	36241	36762	.	ba	0.0023233	505.25
gdiff	AG-414-O11_contigs.fasta	AG-917-P07_contigs.fasta	AG-917-P07_NODE_10	36251	36772	.	ba	0.002375	504.82
gdiff	AG-414-O11_contigs.fasta	AG-917-P07_contigs.fasta	AG-917-P07_NODE_10	37904	38425	.	ba	0.010346	452.77
gdiff	AG-414-O11_contigs.fasta	AG-917-P07_contigs.fasta	AG-917-P07_NODE_10	38001	38522	.	ba	0.0092384	459.18
gdiff	AG-414-O11_contigs.fasta	AG-917-P07_contigs.fasta	AG-917-P07_NODE_10	38982	39503	.	ba	0.016199	421.14
gdiff	AG-414-O11_contigs.fasta	AG-917-P07_contigs.fasta	AG-917-P07_NODE_10	39972	40493	.	ba	0.0052293	484.07
gdiff	AG-414-O11_contigs.fasta	AG-917-P07_contigs.fasta	AG-917-P07_NODE_10	42516	43037	.	ba	0.0040263	492.31
gdiff	AG-414-O11_contigs.fasta	AG-917-P07_contigs.fasta	AG-917-P07_NODE_10	44525	45046	.	ba	0.0022263	506.06
gdiff	AG-414-O11_contigs.fasta	AG-917-P07_contigs.fasta	AG-917-P07_NODE_10	45897	46418	.	ba	0.0017995	509.8
gdiff	AG-414-O11_contigs.fasta	AG-917-P07_contigs.fasta	AG-917-P07_NODE_10	46724	47245	.	ba	0.0092365	459.19
gdiff	AG-414-O11_contigs.fasta	AG-917-P07_contigs.fasta	AG-917-P07_NODE_11	32	553	.	ba	0.024702	380.23
gdiff	AG-414-O11_contigs.fasta	AG-917-P07_contigs.fasta	AG-917-P07_NODE_11	745	1266	.	ba	0.11657	121.7
gdiff	AG-414-O11_contigs.fasta	AG-917-P07_contigs.fasta	AG-917-P07_NODE_11	1727	2248	.	ba	0.048535	287.06
gdiff	AG-414-O11_contigs.fasta	AG-917-P07_contigs.fasta	AG-917-P07_NODE_11	3552	4073	.	ba	0.013227	436.78
gdiff	AG-414-O11_contigs.fasta	AG-917-P07_contigs.fasta	AG-917-P07_NODE_11	5931	6452	.	ba	4.7832e-08	583.52
gdiff	AG-414-O11_contigs.fasta	AG-917-P07_contigs.fasta	AG-917-P07_NODE_11	7424	7945	.	ba	0.0034458	496.51
gdiff	AG-414-O11_contigs.fasta	AG-917-P07_contigs.fasta	AG-917-P07_NODE_11	8097	8618	.	ba	0.0040956	491.82
gdiff	AG-414-O11_contigs.fasta	AG-917-P07_contigs.fasta	AG-917-P07_NODE_11	8835	9356	.	ba	0.012763	439.29
gdiff	AG-414-O11_contigs.fasta	AG-917-P07_contigs.fasta	AG-917-P07_NODE_11	10787	11308	.	ba	0.0077738	467.93
gdiff	AG-414-O11_contigs.fasta	AG-917-P07_contigs.fasta	AG-917-P07_NODE_11	12975	13496	.	ba	0.043137	305.92
gdiff	AG-414-O11_contigs.fasta	AG-917-P07_contigs.fasta	AG-917-P07_NODE_11	14282	14803	.	ba	0.032978	344.77
gdiff	AG-414-O11_contigs.fasta	AG-917-P07_contigs.fasta	AG-917-P07_NODE_11	14522	15043	.	ba	0.013191	436.97
gdiff	AG-414-O11_contigs.fasta	AG-917-P07_contigs.fasta	AG-917-P07_NODE_11	14574	15095	.	ba	0.008308	464.7
gdiff	AG-414-O11_contigs.fasta	AG-917-P07_contigs.fasta	AG-917-P07_NODE_11	15988	16509	.	ba	0.0022263	506.06
gdiff	AG-414-O11_contigs.fasta	AG-917-P07_contigs.fasta	AG-917-P07_NODE_11	16398	16919	.	ba	0.0074352	470
gdiff	AG-414-O11_contigs.fasta	AG-917-P07_contigs.fasta	AG-917-P07_NODE_11	17556	18077	.	ba	0.015898	422.69
gdiff	AG-414-O11_contigs.fasta	AG-917-P07_contigs.fasta	AG-917-P07_NODE_11	21697	22218	.	ba	0.060755	248.28
gdiff	AG-414-O11_contigs.fasta	AG-917-P07_contigs.fasta	AG-917-P07_NODE_11	22147	22668	.	ba	0.017477	414.65
gdiff	AG-414-O11_contigs.fasta	AG-917-P07_contigs.fasta	AG-917-P07_NODE_11	22828	23349	.	ba	0.01598	422.27
gdiff	AG-414-O11_contigs.fasta	AG-917-P07_contigs.fasta	AG-917-P07_NODE_11	23175	23696	.	ba	0.024544	380.95
gdiff	AG-414-O11_contigs.fasta	AG-917-P07_contigs.fasta	AG-917-P07_NODE_11	23468	23989	.	ba	0.016172	421.28
gdiff	AG-414-O11_contigs.fasta	AG-917-P07_contigs.fasta	AG-917-P07_NODE_11	28266	28787	.	ba	0.015765	423.38
gdiff	AG-414-O11_contigs.fasta	AG-917-P07_contigs.fasta	AG-917-P07_NODE_11	29339	29860	.	ba	0.0038986	493.22
gdiff	AG-414-O11_contigs.fasta	AG-917-P07_contigs.fasta	AG-917-P07_NODE_11	29565	30086	.	ba	0.0127	439.64
gdiff	AG-414-O11_contigs.fasta	AG-917-P07_contigs.fasta	AG-917-P07_NODE_11	29762	30283	.	ba	0.010881	449.73
gdiff	AG-414-O11_contigs.fasta	AG-917-P07_contigs.fasta	AG-917-P07_NODE_11	31028	31549	.	ba	0.0024568	504.15
gdiff	AG-414-O11_contigs.fasta	AG-917-P07_contigs.fasta	AG-917-P07_NODE_11	31106	31627	.	ba	4.7832e-08	583.52
gdiff	AG-414-O11_contigs.fasta	AG-917-P07_contigs.fasta	AG-917-P07_NODE_11	31459	31980	.	ba	0.0015273	512.35
gdiff	AG-414-O11_contigs.fasta	AG-917-P07_contigs.fasta	AG-917-P07_NODE_11	31680	32201	.	ba	0.007983	466.66
gdiff	AG-414-O11_contigs.fasta	AG-917-P07_contigs.fasta	AG-917-P07_NODE_11	31906	32427	.	ba	0.019598	404.17
gdiff	AG-414-O11_contigs.fasta	AG-917-P07_contigs.fasta	AG-917-P07_NODE_11	32255	32776	.	ba	0.013546	435.06
gdiff	AG-414-O11_contigs.fasta	AG-917-P07_contigs.fasta	AG-917-P07_NODE_11	34429	34950	.	ba	0.023108	387.52
gdiff	AG-414-O11_contigs.fasta	AG-917-P07_contigs.fasta	AG-917-P07_NODE_11	37776	38297	.	ba	0.003232	498.1
gdiff	AG-414-O11_contigs.fasta	AG-917-P07_contigs.fasta	AG-917-P07_NODE_11	38814	39335	.	ba	0.026172	373.64
gdiff	AG-414-O11_contigs.fasta	AG-917-P07_contigs.fasta	AG-917-P07_NODE_12	626	1147	.	ba	0.0056098	481.56
gdiff	AG-414-O11_contigs.fasta	AG-917-P07_contigs.fasta	AG-917-P07_NODE_12	3172	3693	.	ba	0.10079	150.57
gdiff	AG-414-O11_contigs.fasta	AG-917-P07_contigs.fasta	AG-917-P07_NODE_12	7113	7634	.	ba	0.01271	439.58
gdiff	AG-414-O11_contigs.fasta	AG-917-P07_contigs.fasta	AG-917-P07_NODE_12	7609	8130	.	ba	4.7832e-08	583.52
gdiff	AG-414-O11_contigs.fasta	AG-917-P07_contigs.fasta	AG-917-P07_NODE_12	8401	8922	.	ba	4.7832e-08	583.52
gdiff	AG-414-O11_contigs.fasta	AG-917-P07_contigs.fasta	AG-917-P07_NODE_12	9711	10232	.	ba	4.7832e-08	583.52
gdiff	AG-414-O11_contigs.fasta	AG-917-P07_contigs.fasta	AG-917-P07_NODE_12	11888	12409	.	ba	0.011974	443.62
gdiff	AG-414-O11_contigs.fasta	AG-917-P07_contigs.fasta	AG-917-P07_NODE_12	12024	12545	.	ba	0.011438	446.6
gdiff	AG-414-O11_contigs.fasta	AG-917-P07_contigs.fasta	AG-917-P07_NODE_12	14991	15512	.	ba	0.0095285	457.49
gdiff	AG-414-O11_contigs.fasta	AG-917-P07_contigs.fasta	AG-917-P07_NODE_12	15053	15574	.	ba	0.011029	448.89
gdiff	AG-414-O11_contigs.fasta	AG-917-P07_contigs.fasta	AG-917-P07_NODE_12	17580	18101	.	ba	0.02966	358.53
gdiff	AG-414-O11_contigs.fasta	AG-917-P07_contigs.fasta	AG-917-P07_NODE_12	17792	18313	.	ba	0.038637	322.55
gdiff	AG-414-O11_contigs.fasta	AG-917-P07_contigs.fasta	AG-917-P07_NODE_12	18552	19073	.	ba	0.031672	350.11
gdiff	AG-414-O11_contigs.fasta	AG-917-P07_contigs.fasta	AG-917-P07_NODE_12	19069	19590	.	ba	0.037813	325.69
gdiff	AG-414-O11_contigs.fasta	AG-917-P07_contigs.fasta	AG-917-P07_NODE_12	19193	19714	.	ba	0.031474	350.93
gdiff	AG-414-O11_contigs.fasta	AG-917-P07_contigs.fasta	AG-917-P07_NODE_12	21189	21710	.	ba	0.0030418	499.54
gdiff	AG-414-O11_contigs.fasta	AG-917-P07_contigs.fasta	AG-917-P07_NODE_12	21711	22232	.	ba	0.012507	440.69
gdiff	AG-414-O11_contigs.fasta	AG-917-P07_contigs.fasta	AG-917-P07_NODE_12	23387	23908	.	ba	0.0048082	486.9
gdiff	AG-414-O11_contigs.fasta	AG-917-P07_contigs.fasta	AG-917-P07_NODE_12	24349	24870	.	ba	0.004867	486.5
gdiff	AG-414-O11_contigs.fasta	AG-917-P07_contigs.fasta	AG-917-P07_NODE_12	25665	26186	.	ba	0.0097371	456.28
gdiff	AG-414-O11_contigs.fasta	AG-917-P07_contigs.fasta	AG-917-P07_NODE_12	26359	26880	.	ba	0.007032	472.49
gdiff	AG-414-O11_contigs.fasta	AG-917-P07_contigs.fasta	AG-917-P07_NODE_12	27051	27572	.	ba	0.0059406	479.41
gdiff	AG-414-O11_contigs.fasta	AG-917-P07_contigs.fasta	AG-917-P07_NODE_12	27426	27947	.	ba	0.0087102	462.3
gdiff	AG-414-O11_contigs.fasta	AG-917-P07_contigs.fasta	AG-917-P07_NODE_12	27755	28276	.	ba	0.027021	369.9
gdiff	AG-414-O11_contigs.fasta	AG-917-P07_contigs.fasta	AG-917-P07_NODE_12	28931	29452	.	ba	4.7832e-08	583.52
gdiff	AG-414-O11_contigs.fasta	AG-917-P07_contigs.fasta	AG-917-P07_NODE_12	29124	29645	.	ba	0.0036235	495.21
gdiff	AG-414-O11_contigs.fasta	AG-917-P07_contigs.fasta	AG-917-P07_NODE_12	29793	30314	.	ba	0.011514	446.18
gdiff	AG-414-O11_contigs.fasta	AG-917-P07_contigs.fasta	AG-917-P07_NODE_12	30629	31150	.	ba	0.019027	406.95
gdiff	AG-414-O11_contigs.fasta	AG-917-P07_contigs.fasta	AG-917-P07_NODE_12	30633	31154	.	ba	0.019027	406.95
gdiff	AG-414-O11_contigs.fasta	AG-917-P07_contigs.fasta	AG-917-P07_NODE_13	827	1348	.	ba	0.073949	211.62
gdiff	AG-414-O11_contigs.fasta	AG-917-P07_contigs.fasta	AG-917-P07_NODE_13	2808	3329	.	ba	0.089061	175.24
gdiff	AG-414-O11_contigs.fasta	AG-917-P07_contigs.fasta	AG-917-P07_NODE_13	2974	3495	.	ba	0.079656	197.23
gdiff	AG-414-O11_contigs.fasta	AG-917-P07_contigs.fasta	AG-917-P07_NODE_13	5034	5555	.	ba	0.10081	150.54
gdiff	AG-414-O11_contigs.fasta	AG-917-P07_contigs.fasta	AG-917-P07_NODE_13	5791	6312	.	ba	0.025716	375.67
gdiff	AG-414-O11_contigs.fasta	AG-917-P07_contigs.fasta	AG-917-P07_NODE_13	6442	6963	.	ba	0.035772	333.61
gdiff	AG-414-O11_contigs.fasta	AG-917-P07_contigs.fasta	AG-917-P07_NODE_13	6515	7036	.	ba	0.031259	351.82
gdiff	AG-414-O11_contigs.fasta	AG-917-P07_contigs.fasta	AG-917-P07_NODE_13	6825	7346	.	ba	0.031472	350.94
gdiff	AG-414-O11_contigs.fasta	AG-917-P07_contigs.fasta	AG-917-P07_NODE_13	7022	7543	.	ba	0.04252	308.15
gdiff	AG-414-O11_contigs.fasta	AG-917-P07_contigs.fasta	AG-917-P07_NODE_13	9197	9718	.	ba	0.014153	431.82
gdiff	AG-414-O11_contigs.fasta	AG-917-P07_contigs.fasta	AG-917-P07_NODE_13	11330	11851	.	ba	0.0027296	501.97
gdiff	AG-414-O11_contigs.fasta	AG-917-P07_contigs.fasta	AG-917-P07_NODE_13	12150	12671	.	ba	0.0047934	487
gdiff	AG-414-O11_contigs.fasta	AG-917-P07_contigs.fasta	AG-917-P07_NODE_13	13617	14138	.	ba	0.013707	434.2
gdiff	AG-414-O11_contigs.fasta	AG-917-P07_contigs.fasta	AG-917-P07_NODE_13	16832	17353	.	ba	0.022005	392.66
gdiff	AG-414-O11_contigs.fasta	AG-917-P07_contigs.fasta	AG-917-P07_NODE_13	17508	18029	.	ba	0.0019776	508.2
gdiff	AG-414-O11_contigs.fasta	AG-917-P07_contigs.fasta	AG-917-P07_NODE_13	17929	18450	.	ba	4.7832e-08	583.52
gdiff	AG-414-O11_contigs.fasta	AG-917-P07_contigs.fasta	AG-917-P07_NODE_13	18923	19444	.	ba	0.00083402	520.02
gdiff	AG-414-O11_contigs.fasta	AG-917-P07_contigs.fasta	AG-917-P07_NODE_13	22364	22885	.	ba	0.038126	324.49
gdiff	AG-414-O11_contigs.fasta	AG-917-P07_contigs.fasta	AG-917-P07_NODE_13	25158	25679	.	ba	0.0055059	482.24
gdiff	AG-414-O11_contigs.fasta	AG-917-P07_contigs.fasta	AG-917-P07_NODE_13	25349	25870	.	ba	0.0035205	495.96
gdiff	AG-414-O11_contigs.fasta	AG-917-P07_contigs.fasta	AG-917-P07_NODE_13	26215	26736	.	ba	0.003456	496.43
gdiff	AG-414-O11_contigs.fasta	AG-917-P07_contigs.fasta	AG-917-P07_NODE_13	26244	26765	.	ba	0.0035127	496.02
gdiff	AG-414-O11_contigs.fasta	AG-917-P07_contigs.fasta	AG-917-P07_NODE_13	26439	26960	.	ba	0.0037915	493.99
gdiff	AG-414-O11_contigs.fasta	AG-917-P07_contigs.fasta	AG-917-P07_NODE_13	26763	27284	.	ba	4.7832e-08	583.52
gdiff	AG-414-O11_contigs.fasta	AG-917-P07_contigs.fasta	AG-917-P07_NODE_13	27340	27861	.	ba	4.7832e-08	583.52
gdiff	AG-414-O11_contigs.fasta	AG-917-P07_contigs.fasta	AG-917-P07_NODE_13	27607	28128	.	ba	4.7832e-08	583.52
gdiff	AG-414-O11_contigs.fasta	AG-917-P07_contigs.fasta	AG-917-P07_NODE_13	28318	28839	.	ba	4.7832e-08	583.52
gdiff	AG-414-O11_contigs.fasta	AG-917-P07_contigs.fasta	AG-917-P07_NODE_13	30633	31154	.	ba	4.7832e-08	583.52
gdiff	AG-414-O11_contigs.fasta	AG-917-P07_contigs.fasta	AG-917-P07_NODE_14	332	853	.	ba	4.7832e-08	583.52
gdiff	AG-414-O11_contigs.fasta	AG-917-P07_contigs.fasta	AG-917-P07_NODE_14	507	1028	.	ba	4.7832e-08	583.52
gdiff	AG-414-O11_contigs.fasta	AG-917-P07_contigs.fasta	AG-917-P07_NODE_14	1598	2119	.	ba	0.01767	413.68
gdiff	AG-414-O11_contigs.fasta	AG-917-P07_contigs.fasta	AG-917-P07_NODE_14	1834	2355	.	ba	0.028951	361.55
gdiff	AG-414-O11_contigs.fasta	AG-917-P07_contigs.fasta	AG-917-P07_NODE_14	2488	3009	.	ba	0.0018048	509.75
gdiff	AG-414-O11_contigs.fasta	AG-917-P07_contigs.fasta	AG-917-P07_NODE_14	3072	3593	.	ba	0.0018725	509.14
gdiff	AG-414-O11_contigs.fasta	AG-917-P07_contigs.fasta	AG-917-P07_NODE_14	3390	3911	.	ba	0.0031076	499.04
gdiff	AG-414-O11_contigs.fasta	AG-917-P07_contigs.fasta	AG-917-P07_NODE_14	6797	7318	.	ba	0.0095443	457.4
gdiff	AG-414-O11_contigs.fasta	AG-917-P07_contigs.fasta	AG-917-P07_NODE_14	9775	10296	.	ba	4.7832e-08	583.52
gdiff	AG-414-O11_contigs.fasta	AG-917-P07_contigs.fasta	AG-917-P07_NODE_14	11013	11534	.	ba	0.023173	387.22
gdiff	AG-414-O11_contigs.fasta	AG-917-P07_contigs.fasta	AG-917-P07_NODE_14	11279	11800	.	ba	0.0090053	460.55
gdiff	AG-414-O11_contigs.fasta	AG-917-P07_contigs.fasta	AG-917-P07_NODE_14	11517	12038	.	ba	0.0061317	478.18
gdiff	AG-414-O11_contigs.fasta	AG-917-P07_contigs.fasta	AG-917-P07_NODE_14	11774	12295	.	ba	0.0034409	496.54
gdiff	AG-414-O11_contigs.fasta	AG-917-P07_contigs.fasta	AG-917-P07_NODE_14	12479	13000	.	ba	0.0207	398.85
gdiff	AG-414-O11_contigs.fasta	AG-917-P07_contigs.fasta	AG-917-P07_NODE_14	12606	13127	.	ba	0.015665	423.89
gdiff	AG-414-O11_contigs.fasta	AG-917-P07_contigs.fasta	AG-917-P07_NODE_14	15228	15749	.	ba	0.019178	406.22
gdiff	AG-414-O11_contigs.fasta	AG-917-P07_contigs.fasta	AG-917-P07_NODE_14	16786	17307	.	ba	0.080673	194.75
gdiff	AG-414-O11_contigs.fasta	AG-917-P07_contigs.fasta	AG-917-P07_NODE_14	19498	20019	.	ba	0.0057973	480.34
gdiff	AG-414-O11_contigs.fasta	AG-917-P07_contigs.fasta	AG-917-P07_NODE_14	19930	20451	.	ba	0.0038554	493.53
gdiff	AG-414-O11_contigs.fasta	AG-917-P07_contigs.fasta	AG-917-P07_NODE_14	21383	21904	.	ba	0.011838	444.37
gdiff	AG-414-O11_contigs.fasta	AG-917-P07_contigs.fasta	AG-917-P07_NODE_14	23501	24022	.	ba	0.0036385	495.1
gdiff	AG-414-O11_contigs.fasta	AG-917-P07_contigs.fasta	AG-917-P07_NODE_14	23759	24280	.	ba	0.0052868	483.69
gdiff	AG-414-O11_contigs.fasta	AG-917-P07_contigs.fasta	AG-917-P07_NODE_14	24441	24962	.	ba	4.7832e-08	583.52
gdiff	AG-414-O11_contigs.fasta	AG-917-P07_contigs.fasta	AG-917-P07_NODE_15	1893	2414	.	ba	0.059457	252.16
gdiff	AG-414-O11_contigs.fasta	AG-917-P07_contigs.fasta	AG-917-P07_NODE_15	3717	4238	.	ba	0.035195	335.88
gdiff	AG-414-O11_contigs.fasta	AG-917-P07_contigs.fasta	AG-917-P07_NODE_15	4836	5357	.	ba	0.09195	168.89
gdiff	AG-414-O11_contigs.fasta	AG-917-P07_contigs.fasta	AG-917-P07_NODE_15	6333	6854	.	ba	0.028631	362.92
gdiff	AG-414-O11_contigs.fasta	AG-917-P07_contigs.fasta	AG-917-P07_NODE_15	6701	7222	.	ba	0.0085419	463.3
gdiff	AG-414-O11_contigs.fasta	AG-917-P07_contigs.fasta	AG-917-P07_NODE_15	7343	7864	.	ba	0.011992	443.52
gdiff	AG-414-O11_contigs.fasta	AG-917-P07_contigs.fasta	AG-917-P07_NODE_15	7901	8422	.	ba	0.0027002	502.2
gdiff	AG-414-O11_contigs.fasta	AG-917-P07_contigs.fasta	AG-917-P07_NODE_15	11819	12340	.	ba	0.0019236	508.68
gdiff	AG-414-O11_contigs.fasta	AG-917-P07_contigs.fasta	AG-917-P07_NODE_15	12044	12565	.	ba	0.0021369	506.82
gdiff	AG-414-O11_contigs.fasta	AG-917-P07_contigs.fasta	AG-917-P07_NODE_15	14122	14643	.	ba	0.045226	298.48
gdiff	AG-414-O11_contigs.fasta	AG-917-P07_contigs.fasta	AG-917-P07_NODE_15	14234	14755	.	ba	0.030631	354.44
gdiff	AG-414-O11_contigs.fasta	AG-917-P07_contigs.fasta	AG-917-P07_NODE_15	14535	15056	.	ba	0.017815	412.96
gdiff	AG-414-O11_contigs.fasta	AG-917-P07_contigs.fasta	AG-917-P07_NODE_15	15781	16302	.	ba	0.019027	406.95
gdiff	AG-414-O11_contigs.fasta	AG-917-P07_contigs.fasta	AG-917-P07_NODE_15	15801	16322	.	ba	0.019988	402.27
gdiff	AG-414-O11_contigs.fasta	AG-917-P07_contigs.fasta	AG-917-P07_NODE_15	17056	17577	.	ba	0.00874	462.12
gdiff	AG-414-O11_contigs.fasta	AG-917-P07_contigs.fasta	AG-917-P07_NODE_15	17403	17924	.	ba	0.027821	366.41
gdiff	AG-414-O11_contigs.fasta	AG-917-P07_contigs.fasta	AG-917-P07_NODE_15	17805	18326	.	ba	0.061018	247.5
gdiff	AG-414-O11_contigs.fasta	AG-917-P07_contigs.fasta	AG-917-P07_NODE_15	18416	18937	.	ba	0.1434	82.461
gdiff	AG-414-O11_contigs.fasta	AG-917-P07_contigs.fasta	AG-917-P07_NODE_15	18756	19277	.	ba	0.037879	325.44
gdiff	AG-414-O11_contigs.fasta	AG-917-P07_contigs.fasta	AG-917-P07_NODE_15	19198	19719	.	ba	0.052994	272.32
gdiff	AG-414-O11_contigs.fasta	AG-917-P07_contigs.fasta	AG-917-P07_NODE_16	975	1496	.	ba	0.073877	211.81
gdiff	AG-414-O11_contigs.fasta	AG-917-P07_contigs.fasta	AG-917-P07_NODE_16	2198	2719	.	ba	0.23841	13.63
gdiff	AG-414-O11_contigs.fasta	AG-917-P07_contigs.fasta	AG-917-P07_NODE_16	3141	3662	.	ba	0.25814	8.1595
gdiff	AG-414-O11_contigs.fasta	AG-917-P07_contigs.fasta	AG-917-P07_NODE_16	3473	3994	.	ba	0.0607	248.45
gdiff	AG-414-O11_contigs.fasta	AG-917-P07_contigs.fasta	AG-917-P07_NODE_16	5851	6372	.	ba	0.080214	195.87
gdiff	AG-414-O11_contigs.fasta	AG-917-P07_contigs.fasta	AG-917-P07_NODE_16	6965	7486	.	ba	0.04606	295.57
gdiff	AG-414-O11_contigs.fasta	AG-917-P07_contigs.fasta	AG-917-P07_NODE_16	7060	7581	.	ba	0.044724	300.26
gdiff	AG-414-O11_contigs.fasta	AG-917-P07_contigs.fasta	AG-917-P07_NODE_16	7360	7881	.	ba	0.042337	308.81
gdiff	AG-414-O11_contigs.fasta	AG-917-P07_contigs.fasta	AG-917-P07_NODE_16	8560	9081	.	ba	0.029165	360.63
gdiff	AG-414-O11_contigs.fasta	AG-917-P07_contigs.fasta	AG-917-P07_NODE_16	8976	9497	.	ba	0.021062	397.12
gdiff	AG-414-O11_contigs.fasta	AG-917-P07_contigs.fasta	AG-917-P07_NODE_16	9736	10257	.	ba	0.0090245	460.44
gdiff	AG-414-O11_contigs.fasta	AG-917-P07_contigs.fasta	AG-917-P07_NODE_16	9841	10362	.	ba	0.013833	433.52
gdiff	AG-414-O11_contigs.fasta	AG-917-P07_contigs.fasta	AG-917-P07_NODE_16	11083	11604	.	ba	0.044133	302.35
gdiff	AG-414-O11_contigs.fasta	AG-917-P07_contigs.fasta	AG-917-P07_NODE_16	11093	11614	.	ba	0.044133	302.35
gdiff	AG-414-O11_contigs.fasta	AG-917-P07_contigs.fasta	AG-917-P07_NODE_16	15193	15714	.	ba	0.31685	0.73798
gdiff	AG-414-O11_contigs.fasta	AG-917-P07_contigs.fasta	AG-917-P07_NODE_16	15347	15868	.	ba	0.30059	1.8109
gdiff	AG-414-O11_contigs.fasta	AG-917-P07_contigs.fasta	AG-917-P07_NODE_16	16161	16682	.	ba	0.28151	3.9169
gdiff	AG-414-O11_contigs.fasta	AG-917-P07_contigs.fasta	AG-917-P07_NODE_16	17483	18004	.	ba	0.2915	2.6863
gdiff	AG-414-O11_contigs.fasta	AG-917-P07_contigs.fasta	AG-917-P07_NODE_16	19773	20294	.	ba	0.34991	0
gdiff	AG-414-O11_contigs.fasta	AG-917-P07_contigs.fasta	AG-917-P07_NODE_16	20544	21065	.	ba	0.049753	282.97
gdiff	AG-414-O11_contigs.fasta	AG-917-P07_contigs.fasta	AG-917-P07_NODE_17	1428	1949	.	ba	0.24806	10.705
gdiff	AG-414-O11_contigs.fasta	AG-917-P07_contigs.fasta	AG-917-P07_NODE_17	3640	4161	.	ba	0.21917	21.125
gdiff	AG-414-O11_contigs.fasta	AG-917-P07_contigs.fasta	AG-917-P07_NODE_17	4090	4611	.	ba	0.26212	7.283
gdiff	AG-414-O11_contigs.fasta	AG-917-P07_contigs.fasta	AG-917-P07_NODE_17	4430	4951	.	ba	0.22339	19.273
gdiff	AG-414-O11_contigs.fasta	AG-917-P07_contigs.fasta	AG-917-P07_NODE_17	4579	5100	.	ba	0.21932	21.055
gdiff	AG-414-O11_contigs.fasta	AG-917-P07_contigs.fasta	AG-917-P07_NODE_17	4775	5296	.	ba	0.20112	30.567
gdiff	AG-414-O11_contigs.fasta	AG-917-P07_contigs.fasta	AG-917-P07_NODE_17	7943	8464	.	ba	0.2662	6.4537
gdiff	AG-414-O11_contigs.fasta	AG-917-P07_contigs.fasta	AG-917-P07_NODE_17	8202	8723	.	ba	0.25461	8.9965
gdiff	AG-414-O11_contigs.fasta	AG-917-P07_contigs.fasta	AG-917-P07_NODE_17	9068	9589	.	ba	0.22311	19.39
gdiff	AG-414-O11_contigs.fasta	AG-917-P07_contigs.fasta	AG-917-P07_NODE_17	9349	9870	.	ba	0.23607	14.417
gdiff	AG-414-O11_contigs.fasta	AG-917-P07_contigs.fasta	AG-917-P07_NODE_17	9684	10205	.	ba	0.26876	5.9693
gdiff	AG-414-O11_contigs.fasta	AG-917-P07_contigs.fasta	AG-917-P07_NODE_17	11651	12172	.	ba	0.21206	24.535
gdiff	AG-414-O11_contigs.fasta	AG-917-P07_contigs.fasta	AG-917-P07_NODE_18	232	753	.	ba	0.067664	228.47
gdiff	AG-414-O11_contigs.fasta	AG-917-P07_contigs.fasta	AG-917-P07_NODE_18	949	1470	.	ba	0.028135	365.05
gdiff	AG-414-O11_contigs.fasta	AG-917-P07_contigs.fasta	AG-917-P07_NODE_18	3316	3837	.	ba	0.091432	170.01
gdiff	AG-414-O11_contigs.fasta	AG-917-P07_contigs.fasta	AG-917-P07_NODE_18	3499	4020	.	ba	0.045226	298.48
gdiff	AG-414-O11_contigs.fasta	AG-917-P07_contigs.fasta	AG-917-P07_NODE_18	3555	4076	.	ba	0.030606	354.54
gdiff	AG-414-O11_contigs.fasta	AG-917-P07_contigs.fasta	AG-917-P07_NODE_18	3775	4296	.	ba	0.0051864	484.36
gdiff	AG-414-O11_contigs.fasta	AG-917-P07_contigs.fasta	AG-917-P07_NODE_18	3922	4443	.	ba	0.0052136	484.17
gdiff	AG-414-O11_contigs.fasta	AG-917-P07_contigs.fasta	AG-917-P07_NODE_18	4909	5430	.	ba	0.015557	424.45
gdiff	AG-414-O11_contigs.fasta	AG-917-P07_contigs.fasta	AG-917-P07_NODE_18	6450	6971	.	ba	0.023639	385.07
gdiff	AG-414-O11_contigs.fasta	AG-917-P07_contigs.fasta	AG-917-P07_NODE_18	7266	7787	.	ba	0.0033052	497.55
gdiff	AG-414-O11_contigs.fasta	AG-917-P07_contigs.fasta	AG-917-P07_NODE_19	557	1078	.	ba	0.2305	16.424
gdiff	AG-414-O11_contigs.fasta	AG-917-P07_contigs.fasta	AG-917-P07_NODE_19	1464	1985	.	ba	0.28856	3.0169
gdiff	AG-414-O11_contigs.fasta	AG-917-P07_contigs.fasta	AG-917-P07_NODE_19	4124	4645	.	ba	0.22566	18.325
gdiff	AG-414-O11_contigs.fasta	AG-917-P07_contigs.fasta	AG-917-P07_NODE_19	5041	5562	.	ba	0.24642	11.167
gdiff	AG-414-O11_contigs.fasta	AG-917-P07_contigs.fasta	AG-917-P07_NODE_19	5829	6350	.	ba	0.23608	14.414
gdiff	AG-414-O11_contigs.fasta	AG-917-P07_contigs.fasta	AG-917-P07_NODE_19	6311	6832	.	ba	0.23467	14.903
gdiff	AG-414-O11_contigs.fasta	AG-917-P07_contigs.fasta	AG-917-P07_NODE_19	9014	9535	.	ba	0.22058	20.491
gdiff	AG-414-O11_contigs.fasta	AG-917-P07_contigs.fasta	AG-917-P07_NODE_19	9596	10117	.	ba	0.26415	6.8625
gdiff	AG-414-O11_contigs.fasta	AG-917-P07_contigs.fasta	AG-917-P07_NODE_20	126	647	.	ba	0.057631	257.72
gdiff	AG-414-O11_contigs.fasta	AG-917-P07_contigs.fasta	AG-917-P07_NODE_20	158	679	.	ba	0.05837	255.46
gdiff	AG-414-O11_contigs.fasta	AG-917-P07_contigs.fasta	AG-917-P07_NODE_20	1751	2272	.	ba	0.0040713	491.99
gdiff	AG-414-O11_contigs.fasta	AG-917-P07_contigs.fasta	AG-917-P07_NODE_20	4206	4727	.	ba	4.7832e-08	583.52
gdiff	AG-414-O11_contigs.fasta	AG-917-P07_contigs.fasta	AG-917-P07_NODE_22	2160	2681	.	ba	0.030256	356.01
gdiff	AG-414-O11_contigs.fasta	AG-917-P07_contigs.fasta	AG-917-P07_NODE_22	3206	3727	.	ba	0.004054	492.12
gdiff	AG-414-O11_contigs.fasta	AG-917-P07_contigs.fasta	AG-917-P07_NODE_22	4444	4965	.	ba	0.0050595	485.2
gdiff	AG-414-O11_contigs.fasta	AG-917-P07_contigs.fasta	AG-917-P07_NODE_22	5650	6171	.	ba	0.0042122	491
gdiff	AG-414-O11_contigs.fasta	AG-917-P07_contigs.fasta	AG-917-P07_NODE_22	6758	7279	.	ba	0.0094775	457.78
gdiff	AG-414-O11_contigs.fasta	AG-917-P07_contigs.fasta	AG-917-P07_NODE_21	956	1477	.	ba	0.024687	380.3
gdiff	AG-414-O11_contigs.fasta	AG-917-P07_contigs.fasta	AG-917-P07_NODE_21	1067	1588	.	ba	0.019384	405.21
gdiff	AG-414-O11_contigs.fasta	AG-917-P07_contigs.fasta	AG-917-P07_NODE_21	2040	2561	.	ba	0.0058613	479.92
gdiff	AG-414-O11_contigs.fasta	AG-917-P07_contigs.fasta	AG-917-P07_NODE_23	1245	1766	.	ba	4.7832e-08	583.52
gdiff	AG-414-O11_contigs.fasta	AG-917-P07_contigs.fasta	AG-917-P07_NODE_23	2020	2541	.	ba	0.0084122	464.07
gdiff	AG-414-O11_contigs.fasta	AG-917-P07_contigs.fasta	AG-917-P07_NODE_23	2062	2583	.	ba	0.0091105	459.93
gdiff	AG-414-O11_contigs.fasta	AG-917-P07_contigs.fasta	AG-917-P07_NODE_23	4542	5063	.	ba	0.01102	448.95
gdiff	AG-414-O11_contigs.fasta	AG-917-P07_contigs.fasta	AG-917-P07_NODE_23	5598	6119	.	ba	4.7832e-08	583.52
gdiff	AG-414-O11_contigs.fasta	AG-917-P07_contigs.fasta	AG-917-P07_NODE_23	6079	6600	.	ba	0.0089263	461.02
gdiff	AG-414-O11_contigs.fasta	AG-917-P07_contigs.fasta	AG-917-P07_NODE_24	511	1032	.	ba	0.010573	451.47
gdiff	AG-414-O11_contigs.fasta	AG-917-P07_contigs.fasta	AG-917-P07_NODE_24	1093	1614	.	ba	0.033795	341.46
gdiff	AG-414-O11_contigs.fasta	AG-917-P07_contigs.fasta	AG-917-P07_NODE_24	1198	1719	.	ba	0.024162	382.68
gdiff	AG-414-O11_contigs.fasta	AG-917-P07_contigs.fasta	AG-917-P07_NODE_24	1638	2159	.	ba	0.010592	451.37
gdiff	AG-414-O11_contigs.fasta	AG-917-P07_contigs.fasta	AG-917-P07_NODE_24	5875	6396	.	ba	4.7832e-08	583.52
gdiff	AG-414-O11_contigs.fasta	AG-917-P07_contigs.fasta	AG-917-P07_NODE_25	359	880	.	ba	0.033963	340.79
gdiff	AG-414-O11_contigs.fasta	AG-917-P07_contigs.fasta	AG-917-P07_NODE_25	803	1324	.	ba	0.0076517	468.67
gdiff	AG-414-O11_contigs.fasta	AG-917-P07_contigs.fasta	AG-917-P07_NODE_25	1067	1588	.	ba	0.012316	441.73
gdiff	AG-414-O11_contigs.fasta	AG-917-P07_contigs.fasta	AG-917-P07_NODE_25	1925	2446	.	ba	0.0027892	501.5
gdiff	AG-414-O11_contigs.fasta	AG-917-P07_contigs.fasta	AG-917-P07_NODE_25	2044	2565	.	ba	0.0030548	499.44
gdiff	AG-414-O11_contigs.fasta	AG-917-P07_contigs.fasta	AG-917-P07_NODE_25	3907	4428	.	ba	0.005671	481.16
gdiff	AG-414-O11_contigs.fasta	AG-917-P07_contigs.fasta	AG-917-P07_NODE_25	4970	5491	.	ba	0.013392	435.88
gdiff	AG-414-O11_contigs.fasta	AG-917-P07_contigs.fasta	AG-917-P07_NODE_25	5051	5572	.	ba	0.014224	431.44
gdiff	AG-414-O11_contigs.fasta	AG-917-P07_contigs.fasta	AG-917-P07_NODE_26	556	1077	.	ba	0.017975	412.16
gdiff	AG-414-O11_contigs.fasta	AG-917-P07_contigs.fasta	AG-917-P07_NODE_26	856	1377	.	ba	0.013664	434.42
gdiff	AG-414-O11_contigs.fasta	AG-917-P07_contigs.fasta	AG-917-P07_NODE_26	1058	1579	.	ba	0.016612	419.03
gdiff	AG-414-O11_contigs.fasta	AG-917-P07_contigs.fasta	AG-917-P07_NODE_26	1390	1911	.	ba	0.0082297	465.17
gdiff	AG-414-O11_contigs.fasta	AG-917-P07_contigs.fasta	AG-917-P07_NODE_26	2215	2736	.	ba	0.0025883	503.09
gdiff	AG-414-O11_contigs.fasta	AG-917-P07_contigs.fasta	AG-917-P07_NODE_27	962	1483	.	ba	0.046406	294.36
gdiff	AG-414-O11_contigs.fasta	AG-917-P07_contigs.fasta	AG-917-P07_NODE_27	1455	1976	.	ba	0.0184	410.04
gdiff	AG-414-O11_contigs.fasta	AG-917-P07_contigs.fasta	AG-917-P07_NODE_27	2276	2797	.	ba	0.029836	357.78
gdiff	AG-414-O11_contigs.fasta	AG-917-P07_contigs.fasta	AG-917-P07_NODE_27	4341	4862	.	ba	0.062659	242.68
gdiff	AG-414-O11_contigs.fasta	AG-917-P07_contigs.fasta	AG-917-P07_NODE_28	222	743	.	ba	0.055671	263.8
gdiff	AG-414-O11_contigs.fasta	AG-917-P07_contigs.fasta	AG-917-P07_NODE_28	2561	3082	.	ba	0.011691	445.19
gdiff	AG-414-O11_contigs.fasta	AG-917-P07_contigs.fasta	AG-917-P07_NODE_28	3062	3583	.	ba	0.027321	368.59
gdiff	AG-414-O11_contigs.fasta	AG-917-P07_contigs.fasta	AG-917-P07_NODE_28	3399	3920	.	ba	0.028808	362.16
gdiff	AG-414-O11_contigs.fasta	AG-917-P07_contigs.fasta	AG-917-P07_NODE_29	1890	2411	.	ba	0.0024016	504.61
gdiff	AG-414-O11_contigs.fasta	AG-917-P07_contigs.fasta	AG-917-P07_NODE_29	2345	2866	.	ba	0.0035174	495.98
gdiff	AG-414-O11_contigs.fasta	AG-917-P07_contigs.fasta	AG-917-P07_NODE_29	3079	3600	.	ba	0.0054055	482.9
gdiff	AG-414-O11_contigs.fasta	AG-917-P07_contigs.fasta	AG-917-P07_NODE_30	134	655	.	ba	4.7832e-08	583.52
gdiff	AG-414-O11_contigs.fasta	AG-917-P07_contigs.fasta	AG-917-P07_NODE_31	324	845	.	ba	0.046528	293.94
gdiff	AG-414-O11_contigs.fasta	AG-917-P07_contigs.fasta	AG-917-P07_NODE_31	1396	1917	.	ba	0.0081778	465.48
gdiff	AG-414-O11_contigs.fasta	AG-917-P07_contigs.fasta	AG-917-P07_NODE_31	2659	3180	.	ba	0.0042705	490.6
gdiff	AG-414-O11_contigs.fasta	AG-917-P07_contigs.fasta	AG-917-P07_NODE_32	1088	1609	.	ba	0.03056	354.74
gdiff	AG-414-O11_contigs.fasta	AG-917-P07_contigs.fasta	AG-917-P07_NODE_32	1319	1840	.	ba	0.0098953	455.36
gdiff	AG-414-O11_contigs.fasta	AG-917-P07_contigs.fasta	AG-917-P07_NODE_32	1412	1933	.	ba	0.0093223	458.69
gdiff	AG-414-O11_contigs.fasta	AG-917-P07_contigs.fasta	AG-917-P07_NODE_32	1497	2018	.	ba	0.0064245	476.31
gdiff	AG-414-O11_contigs.fasta	AG-917-P07_contigs.fasta	AG-917-P07_NODE_32	2776	3297	.	ba	0.0025102	503.72
gdiff	AG-414-O11_contigs.fasta	AG-917-P07_contigs.fasta	AG-917-P07_NODE_33	2730	3251	.	ba	0.0013232	514.4
gdiff	AG-414-O11_contigs.fasta	AG-917-P07_contigs.fasta	AG-917-P07_NODE_34	320	841	.	ba	0.22381	19.093
gdiff	AG-414-O11_contigs.fasta	AG-917-P07_contigs.fasta	AG-917-P07_NODE_34	611	1132	.	ba	0.21423	23.457
gdiff	AG-414-O11_contigs.fasta	AG-917-P07_contigs.fasta	AG-917-P07_NODE_35	1228	1749	.	ba	0.0019776	508.2
gdiff	AG-414-O11_contigs.fasta	AG-917-P07_contigs.fasta	AG-917-P07_NODE_35	1427	1948	.	ba	0.00874	462.12
gdiff	AG-414-O11_contigs.fasta	AG-917-P07_contigs.fasta	AG-917-P07_NODE_35	2086	2607	.	ba	0.0079227	467.02
gdiff	AG-414-O11_contigs.fasta	AG-917-P07_contigs.fasta	AG-917-P07_NODE_36	351	872	.	ba	0.0025144	503.69
gdiff	AG-414-O11_contigs.fasta	AG-917-P07_contigs.fasta	AG-917-P07_NODE_36	775	1296	.	ba	0.012914	438.47
gdiff	AG-414-O11_contigs.fasta	AG-917-P07_contigs.fasta	AG-917-P07_NODE_36	1555	2076	.	ba	0.011967	443.66
gdiff	AG-414-O11_contigs.fasta	AG-917-P07_contigs.fasta	AG-917-P07_NODE_36	1700	2221	.	ba	0.011309	447.32
gdiff	AG-414-O11_contigs.fasta	AG-917-P07_contigs.fasta	AG-917-P07_NODE_37	1264	1785	.	ba	4.7832e-08	583.52
